3,167
10,214
17,260
27,304
43,345
69,381
102,409
252,407
284,376
308,337
321,294
329,246
334,195
335,144
16,161
36,130
70,119
106,121
140,133
184,127
218,108
254,101
290,109
314,138
164,164
166,197
167,229
169,263
133,284
152,290
171,296
190,288
208,279
61,179
79,172
99,169
120,175
100,182
80,185
211,167
232,157
252,157
272,161
253,171
233,171
113,346
135,332
156,323
173,327
190,321
212,328
237,338
215,358
193,366
175,369
157,369
135,362
124,346
157,340
174,341
191,338
227,339
192,344
174,346
156,345
2,169
9,216
17,260
27,302
43,342
68,379
101,407
250,408
283,378
307,339
320,296
327,249
332,199
334,148
16,164
36,131
70,119
106,120
140,133
183,126
217,108
255,102
291,112
316,142
164,163
166,196
167,229
169,263
132,283
151,289
171,295
190,288
208,279
61,178
79,172
100,168
120,174
101,181
80,184
211,167
232,158
252,158
272,161
254,171
233,171
114,345
134,331
156,323
172,327
189,321
211,328
234,337
213,357
192,366
174,369
156,368
135,361
124,345
156,339
173,340
190,337
224,338
191,343
173,346
156,344
5,172
11,221
20,266
31,309
47,348
72,383
103,410
250,408
282,379
306,341
320,299
328,252
334,201
336,151
17,161
37,130
71,119
106,121
140,134
185,126
219,108
256,102
291,110
316,140
166,163
167,197
169,229
170,263
133,283
152,289
172,295
191,288
209,279
62,180
80,173
100,169
120,175
101,181
81,185
213,167
233,158
253,158
272,162
254,170
234,171
113,346
134,332
155,323
172,328
189,321
212,328
236,337
214,358
193,366
174,369
156,368
134,361
123,346
156,340
173,341
190,338
226,339
191,343
173,345
156,344
7,161
13,209
20,254
29,299
44,340
70,377
103,405
221,425
256,399
290,368
313,329
326,285
332,236
335,186
335,135
22,151
42,125
74,117
107,120
139,131
188,126
219,107
253,98
287,103
311,128
165,159
167,196
169,231
170,267
136,284
154,292
173,298
192,289
209,279
60,164
80,151
104,150
126,167
104,176
79,178
209,157
230,135
254,132
276,142
258,160
233,162
114,345
136,332
157,323
174,329
191,322
212,329
236,337
214,358
194,367
176,369
157,368
137,361
125,345
158,341
175,342
192,340
225,339
192,341
175,344
157,343
6,162
11,209
18,254
28,299
44,341
69,378
102,406
221,425
256,400
289,370
313,331
325,286
332,237
334,187
334,137
22,145
45,122
76,116
109,118
140,131
188,124
218,106
252,97
285,100
310,123
166,159
168,194
170,228
171,264
136,283
154,291
173,296
192,289
209,279
60,162
80,149
104,148
125,166
103,174
79,175
210,157
231,135
255,132
276,142
258,159
234,161
113,347
135,332
157,322
174,328
190,321
212,328
236,338
215,359
194,367
176,369
158,369
136,362
124,346
158,341
175,342
191,339
226,339
192,342
175,344
158,344
5,161
11,209
19,255
29,300
44,342
70,378
102,405
256,401
288,371
312,331
325,286
333,237
22,145
45,122
77,115
110,118
141,131
188,123
219,105
253,97
287,101
311,125
167,158
169,194
170,229
172,265
136,284
154,292
173,297
192,289
209,280
59,161
80,147
104,147
126,166
103,173
78,175
211,156
232,134
256,131
277,143
259,159
235,161
115,347
137,332
158,323
175,329
192,322
214,328
238,338
217,359
196,367
177,370
159,369
138,362
126,347
159,341
175,342
193,339
228,339
194,342
176,345
159,344
5,166
11,214
18,261
28,306
45,347
71,382
104,409
220,427
255,402
288,370
312,331
325,286
331,237
334,187
335,137
20,147
43,124
75,118
108,120
139,132
188,126
218,108
251,98
284,102
309,124
165,159
167,195
169,230
170,266
136,286
154,293
173,298
191,291
207,281
58,163
78,149
102,148
124,166
101,175
77,177
208,157
229,134
253,131
275,142
257,159
233,161
113,348
135,334
157,324
173,330
190,323
212,329
235,339
214,360
193,369
175,371
157,371
135,364
124,348
157,342
174,344
191,340
224,341
191,343
174,346
157,345
4,164
10,213
18,259
28,304
44,345
70,382
104,410
256,404
289,373
312,332
324,287
330,239
333,188
333,137
21,154
42,129
73,121
106,123
137,135
186,128
217,110
251,101
284,105
309,129
164,162
166,197
168,231
170,267
135,285
153,293
173,299
192,291
208,280
62,174
81,165
102,161
123,170
103,179
82,182
209,160
229,147
250,146
271,151
253,165
231,166
115,347
136,334
157,326
174,331
190,324
212,330
236,339
215,362
194,371
176,373
157,372
136,365
125,348
158,343
175,344
192,341
226,341
192,346
175,349
157,347
4,169
10,217
18,262
29,306
45,347
70,384
104,411
254,404
287,374
309,334
321,288
327,240
331,190
332,139
18,159
39,130
71,121
105,123
138,135
183,128
215,109
250,100
284,104
309,130
163,161
165,196
167,229
169,265
134,285
152,292
172,297
190,289
207,279
61,179
79,171
99,166
121,173
101,181
80,185
208,162
228,150
249,149
270,153
252,165
230,166
115,348
134,334
155,325
173,330
189,323
211,329
234,339
214,361
193,371
175,373
156,372
135,365
125,348
156,342
174,343
190,340
224,341
191,345
174,348
156,347
6,168
12,217
19,263
30,307
47,348
72,383
103,411
255,405
287,375
310,336
323,292
329,243
333,193
333,142
23,157
43,130
75,120
109,121
141,133
186,126
218,109
252,101
286,107
310,132
166,161
168,197
169,230
170,265
135,286
153,294
173,299
192,292
209,282
65,171
83,158
105,155
127,169
106,177
83,181
209,160
229,141
252,140
273,149
255,163
231,165
115,348
135,335
156,326
173,332
190,325
212,331
234,340
214,361
193,369
175,371
157,370
136,364
125,348
157,344
174,345
191,342
224,342
191,345
174,348
157,346
4,169
10,218
17,264
28,308
44,349
69,384
101,411
251,407
284,377
308,338
321,293
327,244
331,194
331,143
18,160
40,132
72,122
106,124
139,135
184,128
216,110
250,102
284,107
309,131
163,163
165,198
167,231
169,266
134,287
152,294
171,299
189,291
207,282
61,174
80,162
102,158
124,172
103,180
80,184
207,162
227,144
250,143
271,151
252,165
229,167
113,349
134,335
155,326
172,332
188,325
210,331
233,341
212,362
191,371
173,374
155,373
134,367
124,349
155,343
173,345
189,342
223,343
189,346
172,349
155,347
6,171
12,219
20,265
30,310
47,350
74,387
106,415
255,406
286,376
310,336
322,292
328,244
332,195
333,144
18,161
39,132
72,122
106,123
139,135
185,129
216,111
251,103
285,107
310,133
165,164
167,198
169,231
171,265
134,286
153,293
173,298
192,290
209,281
62,179
81,171
101,167
121,174
102,181
82,185
210,164
230,153
251,152
271,156
253,167
232,168
114,348
134,334
156,325
173,330
190,324
212,330
236,340
215,361
194,370
175,372
157,371
136,364
124,348
157,343
174,344
192,341
226,342
192,345
174,348
156,346
6,170
13,219
20,264
31,307
47,348
72,384
104,412
254,407
287,376
311,338
325,294
332,245
336,194
338,142
21,159
41,131
73,121
108,122
140,133
188,126
221,109
255,100
289,105
313,131
167,161
169,196
170,231
172,267
137,286
155,293
174,299
193,291
209,281
63,170
82,154
106,151
127,168
106,176
82,179
210,159
230,136
254,134
276,146
258,161
233,163
115,349
137,335
158,326
175,331
191,324
214,331
237,341
216,362
194,371
177,373
158,372
138,366
126,349
159,344
176,345
193,342
226,342
193,346
176,348
158,347
6,170
12,219
19,264
30,308
46,349
71,384
103,411
253,406
286,377
311,339
324,294
331,245
335,194
335,143
20,159
41,131
74,120
108,121
140,133
187,126
219,108
254,100
287,105
313,130
166,161
168,197
169,231
171,267
135,287
154,294
174,299
192,292
209,282
63,171
82,156
105,153
127,169
106,178
82,181
209,160
230,138
254,136
276,146
257,162
233,164
114,349
135,336
156,327
174,332
190,325
212,331
235,340
213,361
193,370
175,373
156,372
135,365
124,349
157,344
174,345
191,343
225,342
191,345
174,348
156,346
5,167
11,214
18,259
28,304
43,345
70,381
104,409
255,402
288,372
312,332
325,287
330,238
333,188
333,137
21,155
41,127
74,119
107,122
139,134
185,128
216,109
250,100
284,103
309,128
165,162
167,197
170,230
172,265
136,285
154,292
174,297
193,289
209,280
64,176
82,168
101,164
123,171
103,178
83,182
210,161
230,149
250,149
270,153
252,164
231,165
115,347
136,333
157,325
174,330
190,323
211,329
234,338
213,359
193,367
175,369
157,369
136,363
125,347
157,341
174,343
191,340
224,340
191,343
175,346
157,345
8,173
13,220
20,266
30,310
46,350
71,385
103,412
255,407
289,377
312,338
325,292
330,244
334,194
334,143
19,163
40,133
73,122
108,123
141,135
186,128
218,110
253,101
287,106
312,132
167,161
169,197
170,232
172,268
136,288
154,295
174,300
193,292
210,282
62,172
81,156
104,153
126,170
105,178
81,182
210,160
231,138
255,136
276,147
258,162
234,164
114,351
135,337
157,328
175,333
191,326
213,332
235,342
214,362
193,370
175,372
157,372
136,366
124,350
158,345
175,346
192,344
225,343
192,347
175,349
157,348
4,170
10,218
19,264
29,308
45,349
70,385
102,413
252,409
285,378
309,338
322,292
327,244
331,194
332,143
18,161
38,132
71,122
105,124
138,135
185,130
216,112
251,104
285,108
309,134
164,164
166,199
168,232
170,268
135,287
153,293
172,299
191,291
208,282
61,177
79,169
99,166
120,173
100,181
80,184
210,164
230,152
250,151
270,155
252,166
231,168
115,349
135,335
156,326
173,332
190,325
211,331
234,341
213,361
193,369
174,372
156,371
136,365
125,349
157,343
174,344
191,342
224,342
191,346
174,349
156,347
11,163
16,212
23,258
32,304
47,347
72,384
104,412
257,404
291,374
314,335
326,290
332,242
334,193
335,143
26,156
46,129
78,120
112,122
142,135
190,127
222,110
255,102
288,106
311,132
169,162
171,197
172,232
174,268
138,286
156,294
175,299
194,291
211,282
67,170
85,157
108,154
128,169
108,177
85,180
212,160
233,141
255,140
276,149
258,163
235,164
116,349
137,335
159,327
176,332
193,326
214,331
236,340
216,360
196,369
177,372
159,371
138,364
126,349
159,344
176,345
193,342
227,342
194,345
177,348
159,347
4,167
10,216
18,262
29,306
44,348
70,384
103,412
255,405
288,375
311,336
323,291
329,243
332,193
333,142
20,160
40,131
73,121
107,123
140,135
187,128
219,110
253,101
287,105
311,131
166,162
168,198
170,232
171,268
136,287
154,294
174,300
192,291
209,281
64,175
83,164
104,160
126,171
106,179
83,183
210,161
231,146
253,145
274,151
255,164
233,166
115,349
136,336
157,327
174,333
190,326
211,332
233,341
213,362
193,371
175,374
157,373
137,366
125,349
158,344
175,345
191,342
223,343
191,347
174,350
157,349
6,169
12,217
19,262
30,306
46,347
71,383
105,410
257,403
290,372
313,334
326,290
332,243
335,193
336,143
23,154
44,128
76,119
109,121
140,133
187,126
219,108
253,99
287,104
311,129
166,161
168,197
169,232
171,267
136,287
154,294
173,299
192,291
209,282
64,169
83,154
105,152
126,169
106,177
82,180
211,159
231,137
254,135
275,146
258,162
234,164
115,349
136,335
157,327
174,332
190,325
212,331
234,341
213,361
193,370
175,373
157,372
136,365
126,348
158,344
174,345
191,342
224,342
191,345
174,348
157,347
4,173
10,223
18,270
29,315
47,355
74,390
107,417
252,409
285,379
309,339
321,295
327,248
330,198
331,148
17,162
38,132
71,121
106,123
139,136
185,130
217,111
253,102
287,108
311,137
164,164
167,198
169,231
171,265
135,287
154,293
173,299
192,291
209,282
61,179
79,171
99,167
120,175
101,182
80,186
209,165
230,154
250,154
271,158
252,169
231,169
115,350
136,335
156,327
174,332
190,325
212,331
235,341
215,362
194,371
176,373
158,373
137,366
125,349
157,343
175,345
191,342
225,342
192,346
175,349
158,347
4,174
10,223
18,269
30,314
46,354
73,389
106,415
255,404
287,374
310,335
322,291
328,243
331,193
331,142
17,161
38,132
72,122
106,124
138,136
186,130
217,111
250,102
284,105
308,131
165,165
167,199
169,232
172,266
135,287
154,294
174,299
193,291
209,282
61,179
79,171
100,167
121,175
102,182
81,186
209,164
230,151
250,150
271,155
253,167
231,168
114,349
135,335
156,326
173,332
190,325
211,331
234,341
214,362
194,371
176,373
157,372
136,365
125,349
157,344
174,345
191,342
224,343
191,346
175,348
157,347
6,171
13,220
21,266
30,311
45,351
71,386
104,413
255,406
288,376
311,337
324,292
330,244
333,193
333,142
23,161
42,132
75,122
108,123
140,135
186,129
217,110
252,102
285,108
309,134
165,162
167,198
169,233
171,269
136,288
154,295
173,300
192,293
208,283
65,171
84,157
106,154
127,171
107,179
84,181
209,162
229,141
251,139
271,150
254,164
231,166
114,349
135,336
157,327
174,333
190,326
212,332
236,341
214,363
193,371
175,374
157,373
136,366
125,350
158,345
174,346
191,343
225,343
191,346
174,349
157,348
5,167
11,216
18,262
28,307
44,348
70,384
103,412
254,406
288,376
311,337
325,292
331,242
334,192
333,140
25,156
44,129
76,120
109,122
140,134
185,128
216,109
250,100
283,104
308,129
165,161
167,197
168,232
170,268
134,287
153,295
172,300
191,293
208,283
65,170
83,156
105,154
126,170
106,178
83,181
209,160
228,139
251,137
271,147
254,162
231,164
114,350
135,336
156,327
173,333
189,326
211,332
233,341
212,362
192,371
174,373
156,372
136,365
124,350
157,344
173,345
190,343
223,343
190,346
173,348
156,347
6,168
13,217
20,264
30,309
46,350
72,386
104,414
252,408
285,377
309,338
322,293
328,244
331,194
332,142
20,162
40,132
73,122
107,124
140,136
185,130
217,112
252,103
286,108
310,135
164,162
166,198
168,232
170,267
135,286
153,293
173,299
191,291
208,281
65,171
83,159
105,155
127,170
106,177
83,180
208,161
228,143
250,142
271,151
253,164
230,165
116,349
136,336
157,327
174,332
190,325
212,331
234,341
214,360
193,369
176,372
158,371
137,365
126,349
158,343
175,345
191,342
224,342
191,345
175,348
158,347
5,170
11,219
19,264
30,309
45,350
70,385
101,412
253,408
287,377
310,337
323,292
331,243
334,191
335,139
20,160
40,131
73,121
107,123
140,135
186,128
218,110
253,101
287,105
312,131
164,162
166,198
168,232
170,268
135,287
153,294
173,299
191,291
208,282
62,169
81,155
104,152
126,170
105,178
81,181
208,161
228,138
252,136
273,147
255,163
231,165
114,350
135,336
157,327
174,333
191,325
212,331
235,341
214,362
194,371
175,374
157,372
136,366
125,350
157,344
175,346
192,343
225,343
192,346
175,349
157,347
6,169
13,219
21,265
31,311
47,352
72,388
104,414
256,405
289,375
311,336
323,291
329,243
332,193
332,142
24,157
43,129
75,120
108,122
140,134
186,128
217,109
251,100
284,104
308,129
165,161
167,197
168,232
170,269
135,288
153,296
173,301
192,293
208,283
64,172
82,158
104,155
125,170
105,178
82,181
209,160
229,141
251,139
272,149
254,163
231,164
114,350
135,336
156,328
173,333
190,326
213,332
235,342
214,362
193,371
175,373
157,372
135,366
124,350
157,345
174,346
191,343
225,343
191,347
174,349
156,348
5,175
11,223
18,269
30,314
47,354
73,389
105,417
250,412
283,382
308,343
321,298
328,250
333,200
334,149
18,163
38,132
72,121
107,123
140,137
185,130
218,111
254,103
288,110
312,139
164,164
167,198
169,231
171,266
135,286
153,294
173,300
192,292
209,282
61,179
80,172
100,168
120,175
101,182
81,185
211,166
232,156
251,156
271,159
253,169
232,170
114,349
135,335
156,327
174,332
190,325
213,331
236,341
215,362
194,372
176,374
157,373
136,366
125,349
157,344
174,345
192,342
227,343
192,347
175,349
157,348
6,157
11,207
19,254
29,302
44,345
70,382
103,410
220,427
256,402
289,371
314,332
327,287
334,237
21,148
45,126
77,119
111,122
142,134
189,127
220,109
253,98
287,100
314,121
167,160
169,197
170,232
171,269
136,289
154,296
173,300
192,293
210,282
58,165
78,151
102,149
125,168
102,176
78,178
212,157
233,133
258,130
281,140
262,158
237,161
112,350
134,336
156,327
173,333
190,326
212,332
235,341
214,362
193,371
175,374
156,373
134,366
123,350
157,346
174,347
191,344
224,343
191,345
174,348
156,347
7,170
13,218
20,264
30,309
45,351
71,386
103,413
255,405
289,376
313,337
325,292
332,244
336,193
336,143
20,161
41,132
75,121
110,123
143,136
186,130
218,110
253,100
288,105
313,130
166,162
168,198
169,232
171,268
136,289
154,295
173,300
192,292
209,283
63,171
83,156
106,153
128,170
106,178
83,181
210,160
231,138
255,135
276,145
258,161
234,164
114,350
135,337
157,328
174,333
190,326
212,332
234,341
214,362
193,371
175,374
157,373
136,366
125,350
158,345
174,346
191,343
224,343
191,347
174,349
157,348
4,165
10,214
18,260
29,305
45,348
71,383
105,410
222,428
257,402
290,372
313,333
325,287
331,238
334,189
334,138
23,152
44,127
76,118
109,120
140,132
188,126
217,107
251,97
284,99
309,120
166,160
168,196
170,231
172,267
136,287
154,294
174,299
192,291
209,281
62,169
81,154
104,151
126,168
105,177
81,180
209,157
229,134
253,131
275,142
257,159
233,162
115,348
136,335
157,326
173,332
189,325
210,331
233,339
213,360
193,369
175,372
157,371
137,364
126,348
157,343
174,345
190,342
223,341
190,344
174,347
157,347
5,166
12,215
19,262
30,307
46,348
71,384
105,412
253,405
286,375
309,336
322,292
328,245
332,195
333,143
19,160
39,131
72,120
106,122
138,134
186,128
218,110
252,102
285,106
309,132
165,163
167,198
169,232
171,267
135,286
153,293
173,299
191,291
208,281
62,176
80,168
100,165
121,172
102,180
81,184
210,163
230,150
250,150
271,154
252,166
232,167
116,348
136,334
157,326
174,331
190,325
211,331
234,340
213,361
193,370
176,372
158,372
137,365
126,347
158,342
174,344
191,341
224,342
191,345
175,348
157,347
7,169
13,218
20,264
31,309
47,351
73,386
105,414
256,405
289,374
313,335
326,290
332,241
335,191
334,141
23,156
44,130
76,121
110,123
141,134
188,127
219,109
252,100
285,103
310,127
167,161
169,198
171,233
173,269
138,288
156,295
175,300
194,292
210,282
62,169
81,155
104,152
125,169
104,177
81,180
211,159
232,137
255,134
276,145
258,160
235,163
116,350
138,336
160,327
176,332
192,325
213,332
234,342
214,362
194,371
177,373
159,372
138,366
126,350
160,345
177,346
193,343
224,344
193,346
176,348
160,347
6,171
12,220
20,266
31,311
46,353
72,389
105,416
252,409
284,380
308,341
321,297
328,248
331,198
333,148
19,162
39,132
72,121
107,123
139,136
186,130
218,111
253,103
287,108
311,135
165,165
167,200
169,233
171,268
135,288
153,295
173,300
192,292
209,282
61,178
79,168
100,164
122,174
101,182
80,185
210,164
230,149
251,148
272,154
253,166
232,168
113,349
134,336
156,327
173,332
189,325
211,331
235,341
214,362
193,371
175,374
157,373
135,366
124,349
157,344
174,345
190,343
225,343
191,347
174,350
157,349
4,168
11,218
19,264
30,309
46,351
72,387
106,414
253,408
286,378
309,340
322,296
329,248
332,198
333,146
20,163
41,134
74,124
108,126
141,138
186,131
219,112
254,104
289,110
314,136
166,164
168,199
169,233
171,268
136,288
154,295
174,300
192,292
209,283
63,178
81,169
102,165
124,174
104,182
82,186
211,164
232,150
253,150
274,155
255,167
233,168
115,350
136,337
156,327
174,333
190,326
211,332
235,342
213,364
193,372
175,375
157,374
136,367
126,350
157,344
174,345
191,342
224,343
191,348
174,351
157,349
8,153
14,204
21,252
32,301
47,345
74,381
107,409
221,425
257,400
290,369
315,330
329,284
336,233
338,179
338,125
21,139
45,118
78,113
111,116
142,128
190,121
219,103
252,91
285,91
312,109
168,154
170,191
171,228
173,265
136,285
155,292
175,296
194,289
211,279
59,153
80,140
103,140
125,160
102,165
78,165
213,148
233,124
257,120
280,129
262,146
237,149
113,346
136,332
157,323
175,329
192,322
213,328
236,337
215,357
195,367
177,370
158,369
136,361
124,346
158,342
176,344
193,340
226,339
193,341
176,345
158,344
9,152
14,202
20,250
30,297
46,341
72,378
104,406
255,401
289,370
314,329
328,282
335,231
337,177
337,124
23,139
47,119
79,115
111,119
141,131
189,122
218,103
250,92
282,91
309,110
166,156
168,194
170,229
171,266
136,286
154,292
174,297
192,289
209,280
60,157
80,145
104,144
125,162
103,168
79,170
211,151
231,127
255,123
277,132
259,149
235,153
114,347
136,333
157,324
174,330
191,323
212,329
235,338
214,358
194,368
176,371
158,370
136,362
124,347
158,342
175,344
192,340
225,340
192,343
175,346
158,345
7,154
13,205
20,253
30,301
47,344
74,380
106,408
220,426
255,400
289,370
313,330
327,284
334,233
336,181
22,141
47,121
79,116
112,119
143,131
191,122
221,104
253,93
286,93
313,112
169,157
170,194
172,229
173,265
136,286
155,293
175,297
194,290
211,280
59,159
80,146
105,145
126,165
104,172
79,173
212,153
233,128
258,124
280,133
263,152
237,156
114,347
136,334
158,325
174,330
191,323
213,330
236,338
215,358
195,368
177,371
159,370
138,362
125,347
159,343
175,344
192,341
225,340
192,343
176,346
159,345
5,169
12,217
19,262
30,307
46,347
72,382
105,409
257,402
291,371
313,331
326,286
331,238
334,188
335,138
21,158
41,130
74,120
109,122
141,134
185,128
217,109
253,101
287,107
312,133
166,160
168,196
170,230
172,266
137,284
155,292
174,297
193,290
209,280
64,171
83,160
105,157
127,168
106,176
84,180
209,159
230,144
252,143
273,150
255,163
232,164
115,346
136,332
157,324
174,330
191,323
213,329
236,339
215,359
195,367
176,370
157,369
137,362
126,346
158,341
175,343
192,340
226,340
193,343
175,346
157,345
4,164
11,213
19,260
30,304
47,346
73,381
107,408
255,401
287,371
310,331
323,286
329,237
332,187
333,136
18,158
39,128
72,119
107,120
140,132
186,127
218,108
252,99
287,103
311,130
165,160
168,195
171,229
173,264
137,284
156,290
175,295
194,288
210,278
63,175
81,168
101,164
122,171
103,178
82,182
211,161
230,149
250,149
270,152
253,163
232,164
118,345
138,331
158,323
175,328
191,321
212,327
234,337
214,357
195,366
177,369
159,368
139,362
128,344
159,338
176,340
192,337
224,338
193,343
176,346
159,345
6,163
12,213
20,259
29,305
45,347
70,383
104,410
256,403
289,372
313,333
325,288
331,240
334,190
335,139
24,154
45,127
77,119
110,122
142,134
187,127
219,108
253,99
287,103
312,128
166,160
168,196
169,231
171,267
136,286
155,293
174,298
192,290
209,280
63,168
82,154
105,151
127,168
105,176
82,179
210,158
231,137
254,135
275,145
257,160
233,162
115,349
136,334
157,325
174,331
191,324
213,330
235,340
214,361
194,370
176,372
157,371
136,364
126,349
158,343
175,344
192,341
225,342
192,344
175,347
157,346
6,166
12,215
19,261
30,306
46,347
71,383
105,410
257,402
290,372
313,333
325,289
331,242
334,192
335,142
23,156
44,129
76,119
111,121
143,133
187,128
219,110
254,102
288,107
312,133
167,160
169,196
171,230
172,266
136,285
154,293
174,298
193,290
210,281
64,170
84,157
106,155
127,169
107,177
84,180
210,160
231,143
253,142
274,151
256,164
233,165
116,348
137,335
158,326
175,331
192,324
214,330
237,340
216,359
195,368
177,370
159,370
138,363
127,348
159,342
176,344
193,341
226,341
193,344
176,346
159,346
5,158
8,208
16,257
29,303
46,345
72,381
105,410
255,406
289,374
314,333
328,287
336,237
338,133
19,145
44,123
77,117
111,119
144,132
190,126
221,108
255,98
289,99
315,120
169,158
171,194
172,229
174,266
136,287
155,294
175,299
195,292
212,282
56,160
77,148
102,147
124,164
101,171
76,173
213,154
235,132
259,129
282,138
263,156
238,158
115,349
137,335
159,326
175,332
192,325
214,332
237,340
216,362
196,370
177,373
159,373
138,365
127,349
159,345
176,347
193,343
226,342
194,345
176,348
159,347
5,169
12,218
20,264
30,308
46,350
71,387
103,415
254,408
287,377
310,338
323,293
329,244
332,194
333,144
21,161
41,132
74,120
109,123
141,135
187,128
219,111
253,103
287,109
311,137
167,162
169,197
171,231
173,267
136,287
154,294
174,299
193,292
210,282
65,175
83,165
104,161
125,170
105,179
84,182
211,162
231,149
252,149
272,155
254,167
232,167
114,349
135,336
157,327
174,333
191,326
212,332
235,341
214,362
194,370
175,373
157,372
136,366
125,349
157,344
175,346
192,343
225,343
192,346
175,349
157,347
5,156
11,206
18,253
29,301
45,344
71,380
104,408
220,426
256,401
289,370
313,330
327,284
334,234
337,182
17,142
42,121
75,116
109,119
141,131
189,123
220,105
254,94
288,95
315,113
167,156
168,194
170,230
171,267
135,287
154,294
173,299
192,291
210,281
58,157
79,144
103,143
125,163
102,169
78,170
212,151
233,127
257,123
280,133
262,149
236,153
112,347
135,333
157,325
174,330
190,323
212,329
235,337
214,358
194,367
176,370
158,369
135,362
123,347
158,343
175,344
191,341
224,339
192,343
175,346
157,345
5,155
12,204
19,251
29,298
45,341
71,377
104,406
256,400
290,370
314,330
327,284
334,234
337,181
338,129
20,141
44,120
76,115
109,118
140,129
189,122
219,104
252,94
285,95
312,115
166,155
168,192
169,229
171,265
135,284
153,292
173,297
192,289
208,280
59,156
79,144
103,143
124,162
102,168
78,169
211,152
232,128
256,124
278,134
260,151
236,154
114,345
136,332
157,324
174,329
191,322
213,328
236,338
215,358
194,367
176,370
158,369
137,362
126,346
158,342
175,344
192,340
226,340
192,342
175,345
158,344
7,155
12,205
19,252
30,300
45,343
72,379
105,408
222,426
257,401
290,370
314,330
327,283
334,233
337,181
338,128
21,137
47,119
79,116
111,119
142,131
192,124
221,106
254,95
287,93
314,110
169,156
171,194
173,230
174,267
137,286
156,293
176,298
195,290
212,280
58,156
79,145
104,144
125,163
102,169
78,170
214,152
235,129
259,124
282,133
264,151
239,155
112,348
135,334
157,325
175,331
193,323
215,329
238,339
217,359
197,369
178,372
158,371
136,364
124,348
158,343
176,345
194,341
227,341
195,343
176,346
158,345
5,163
11,214
19,260
29,306
45,348
71,384
103,413
257,404
289,372
313,333
324,288
330,239
334,188
334,138
20,159
41,130
74,120
109,121
141,134
187,127
219,109
253,100
287,105
312,131
167,161
169,197
170,231
172,267
135,286
154,293
174,299
193,292
210,281
64,176
83,167
104,163
126,171
106,179
84,183
210,161
230,147
252,147
274,152
255,164
232,165
114,348
135,335
156,326
174,332
191,325
212,331
234,341
214,362
194,370
175,373
157,372
136,364
126,348
157,344
175,345
192,342
224,342
192,345
175,347
157,346
9,170
15,218
22,263
32,308
47,349
72,384
103,413
256,405
290,374
314,334
326,289
331,240
334,191
334,142
22,160
43,131
75,120
110,121
143,133
189,127
221,110
255,102
289,108
313,134
167,160
169,196
171,230
172,266
137,285
155,293
174,299
193,291
210,281
66,172
84,159
106,156
128,169
107,177
84,181
211,160
232,143
254,142
275,151
256,164
233,165
115,348
136,335
158,326
175,331
191,325
214,330
238,340
216,360
195,369
176,371
158,370
137,363
125,348
158,343
176,344
193,342
228,342
193,345
176,347
158,346
4,167
11,217
19,264
30,309
47,350
72,386
106,414
255,406
287,376
310,337
322,292
329,244
333,194
333,143
18,162
39,131
72,119
108,122
142,135
184,130
217,111
252,103
286,109
310,137
165,161
168,196
170,230
172,265
135,285
154,292
174,298
192,290
209,280
62,177
80,168
100,164
122,172
102,179
81,183
209,163
230,151
250,151
271,156
252,167
231,167
114,348
136,334
157,325
174,331
190,324
212,331
235,340
214,360
194,369
176,372
157,371
137,364
125,348
157,342
175,343
192,341
225,341
192,345
175,348
157,347
7,170
13,219
21,265
31,311
47,352
73,387
106,414
254,406
287,376
310,337
323,293
330,246
333,195
334,145
23,159
43,131
75,121
109,123
141,135
186,129
217,110
252,102
285,107
310,133
165,162
167,198
169,232
171,268
135,286
154,294
173,299
192,291
209,281
66,175
85,163
106,159
128,171
108,179
86,182
209,162
230,145
251,145
272,153
254,165
231,166
115,349
135,336
156,327
174,332
190,325
212,331
235,341
215,362
194,371
176,374
158,373
137,366
125,349
157,344
175,345
192,342
226,342
192,346
175,349
157,348
4,161
11,210
19,256
29,303
44,345
70,382
102,411
252,405
287,374
312,335
326,289
333,240
336,188
337,135
20,143
45,123
78,118
111,122
143,134
190,127
220,109
252,99
285,98
312,116
168,160
170,197
171,233
172,270
136,288
154,296
174,301
192,294
210,283
58,163
79,150
103,149
126,168
103,175
78,177
211,157
232,133
257,130
279,140
261,158
236,161
113,350
135,336
157,327
174,333
191,326
212,332
234,341
214,362
194,371
175,374
157,373
136,366
124,350
158,345
175,347
192,344
224,343
192,346
175,349
157,348
3,164
10,214
18,260
29,305
45,347
71,383
105,411
254,403
286,373
310,334
322,289
329,240
332,189
332,138
20,156
41,128
75,118
109,120
142,133
182,127
214,107
248,98
283,101
308,127
164,161
166,196
168,230
170,266
134,285
153,292
173,297
191,289
208,280
62,175
80,166
101,162
122,171
102,180
81,183
208,161
228,146
249,145
270,151
252,164
230,166
113,347
134,333
156,324
173,329
189,322
211,329
233,339
213,360
193,370
175,372
157,371
136,365
124,347
156,341
174,342
190,339
223,340
191,345
174,348
156,346
3,168
10,217
17,263
28,308
44,349
70,385
104,411
252,405
285,376
309,336
322,291
328,242
331,192
332,140
19,159
39,131
72,120
107,122
140,135
184,128
217,109
251,100
286,104
310,131
164,162
166,197
168,231
170,267
134,286
153,293
172,299
191,291
208,281
62,177
80,167
101,163
123,172
103,181
81,185
209,162
229,147
251,147
271,152
253,165
231,167
115,348
135,335
156,326
173,331
189,324
211,331
235,340
213,361
192,370
175,373
156,372
136,365
125,348
157,343
174,344
190,341
225,342
190,346
174,348
156,347
4,171
10,219
18,265
29,309
45,350
70,386
103,413
252,405
284,377
308,339
322,295
330,248
333,198
334,147
19,159
40,131
73,121
107,123
140,136
186,128
218,111
252,102
285,105
310,129
165,162
167,197
169,230
170,265
135,287
154,294
173,299
192,291
208,281
61,180
79,171
100,166
122,173
102,182
81,186
211,161
231,148
252,148
274,151
255,164
233,166
114,349
134,335
155,326
172,332
188,325
209,331
232,340
211,362
192,371
174,373
156,373
135,366
124,348
156,344
173,345
189,342
222,342
189,346
173,349
156,348
5,166
11,215
18,260
28,305
43,346
69,383
103,410
219,430
254,405
288,375
311,336
323,291
328,243
331,192
332,141
20,161
40,132
73,121
108,122
142,135
185,130
217,111
252,102
286,108
310,135
164,162
166,198
168,232
170,267
134,287
152,294
172,300
190,292
207,282
63,174
82,162
104,159
125,171
105,179
82,183
208,162
228,146
250,146
270,153
252,166
229,167
114,350
135,336
156,327
172,333
188,326
210,331
233,341
213,361
192,370
174,372
156,372
136,365
125,349
156,344
173,345
189,342
223,342
190,346
173,349
156,347
7,169
13,217
19,263
30,307
45,348
71,383
104,410
254,405
287,375
310,336
323,290
329,241
333,190
333,139
24,157
43,129
74,120
106,122
138,134
185,128
216,109
250,100
283,105
307,130
164,161
166,197
167,231
169,266
135,285
153,293
172,298
191,290
207,281
65,172
83,160
105,157
126,169
106,177
84,181
208,160
228,144
250,143
270,151
253,164
230,165
116,347
136,334
156,325
173,331
189,324
212,330
234,340
213,361
192,371
174,373
156,371
136,364
126,347
156,343
173,344
190,342
224,342
190,345
173,348
156,346
2,167
10,217
19,264
28,309
44,350
71,385
105,412
251,406
284,377
308,338
322,293
328,244
331,193
332,141
21,160
40,130
73,120
107,122
139,134
183,128
215,110
250,101
285,106
310,133
163,163
165,198
167,232
168,267
133,286
152,293
171,298
191,290
208,281
63,176
81,168
101,164
122,172
103,180
82,184
209,162
230,149
250,149
271,153
252,165
231,166
115,347
134,334
155,326
172,331
188,324
210,330
233,340
212,361
191,369
174,371
156,371
135,364
125,347
156,342
173,343
189,340
222,341
189,345
173,348
156,346
5,177
12,225
20,270
30,314
47,354
73,389
107,415
251,407
284,379
308,340
321,296
327,249
330,199
331,148
16,164
36,133
69,121
104,123
137,136
181,129
214,110
249,103
284,108
307,137
162,164
164,198
166,231
169,266
133,286
152,293
171,298
189,290
206,281
59,179
77,170
97,166
118,175
98,182
78,186
207,165
227,151
248,151
268,156
250,168
229,169
113,348
133,334
154,326
171,331
188,324
209,330
233,341
212,361
191,369
173,371
154,371
134,364
123,348
155,342
172,343
189,340
223,342
189,346
172,349
154,348
3,167
10,217
18,262
28,307
44,349
69,386
102,414
219,429
254,404
287,374
310,335
321,290
327,242
331,192
332,141
18,160
38,131
71,120
106,122
139,135
185,127
217,110
251,101
285,106
309,132
163,162
165,197
167,231
169,267
134,286
151,294
171,299
190,291
206,281
62,178
79,169
99,165
121,172
101,181
80,185
209,162
229,150
250,150
270,155
252,167
230,167
114,349
134,335
154,326
171,332
188,325
209,331
232,341
211,362
191,370
173,373
155,371
134,365
124,348
155,342
172,344
189,341
222,342
189,346
172,349
155,348
6,159
12,209
20,256
31,303
46,346
71,382
103,411
220,429
255,404
289,372
313,333
326,287
333,237
336,186
337,133
21,149
43,127
75,121
108,123
140,135
189,128
219,110
252,99
285,100
311,119
166,161
168,198
169,233
171,269
135,289
153,297
173,301
192,294
209,283
58,165
78,151
102,150
125,169
103,177
78,179
210,158
231,133
255,130
278,140
260,158
234,161
113,350
135,336
156,327
173,333
190,325
212,332
235,341
214,362
193,371
175,374
156,373
135,366
124,350
157,345
174,347
191,344
225,343
191,346
174,349
156,348
8,166
13,216
20,262
30,307
45,348
71,384
103,411
254,405
288,374
311,335
323,290
328,242
331,192
332,141
26,153
45,127
76,119
108,122
139,134
186,127
216,110
250,101
283,105
307,129
164,162
166,197
167,232
169,268
135,286
153,294
171,299
190,291
206,281
64,170
82,157
104,154
125,170
105,179
82,181
208,160
228,141
250,139
271,149
253,164
230,166
115,347
136,334
156,327
173,332
190,325
212,331
234,341
213,361
192,370
175,372
156,371
136,364
126,348
157,343
174,345
191,342
225,342
191,346
174,348
157,347
2,171
10,221
18,268
29,312
45,353
71,389
103,416
249,410
281,382
306,344
320,302
327,254
332,205
335,153
17,162
37,131
70,120
106,122
139,135
182,129
215,111
251,103
286,110
310,140
162,164
164,199
166,232
167,266
131,287
150,293
170,299
189,291
206,282
61,180
79,173
99,169
119,175
100,182
80,186
210,167
230,157
249,157
269,161
251,171
231,171
112,350
133,336
154,327
171,332
188,325
210,331
234,341
212,361
192,370
173,372
155,372
134,366
123,349
155,343
172,344
189,341
224,342
190,346
173,349
155,348
5,167
11,216
19,262
29,307
45,348
70,384
103,413
254,407
287,376
310,336
322,291
328,242
331,191
332,140
18,160
40,132
73,122
107,124
140,136
184,129
216,112
251,103
286,108
311,133
165,162
167,198
168,232
170,267
135,287
153,294
172,300
191,292
208,283
62,176
81,166
102,162
124,172
104,180
82,184
209,162
229,148
251,147
272,153
253,166
231,167
114,349
135,336
155,327
172,333
189,326
212,332
235,341
214,362
192,370
174,373
155,372
135,365
124,349
156,344
173,346
190,343
225,343
191,346
173,349
155,348
3,166
10,217
18,263
29,309
44,351
69,388
101,417
250,409
284,378
308,339
321,293
327,243
331,191
332,138
17,161
38,132
71,121
106,123
139,135
182,130
214,112
249,103
283,107
308,133
163,162
164,198
166,232
167,268
133,287
151,295
170,300
189,292
206,282
62,176
81,166
102,162
125,171
104,179
82,183
206,161
227,147
248,147
269,153
250,165
228,166
113,349
134,335
154,327
172,332
188,325
210,331
233,340
212,361
191,370
173,373
155,372
134,365
123,349
155,344
172,345
189,342
223,342
189,346
172,349
155,348
5,167
12,216
20,261
30,305
45,346
70,383
102,410
219,428
255,404
288,374
311,337
323,292
329,244
332,194
333,143
24,156
43,128
75,120
108,121
139,134
185,128
217,110
251,101
285,105
310,131
165,161
166,197
167,232
168,267
134,287
152,294
171,299
190,292
207,282
64,171
82,157
104,155
125,169
105,178
82,181
209,160
228,141
251,139
272,149
254,163
231,165
113,349
134,336
155,327
172,333
188,326
210,331
234,341
212,360
192,369
174,371
156,371
135,364
123,349
156,344
173,345
189,342
224,342
190,345
173,348
156,347
5,167
11,215
19,260
30,305
44,346
70,383
103,410
254,405
287,374
310,335
322,290
328,242
331,192
332,142
17,160
37,130
70,119
105,121
138,133
183,128
215,110
249,102
284,106
309,132
163,162
165,196
166,229
168,265
133,284
151,291
171,297
190,289
207,279
60,176
79,167
99,163
121,171
101,179
79,183
208,162
228,149
249,149
270,154
251,166
229,167
114,347
133,333
154,324
171,330
188,323
210,329
233,340
212,360
191,368
173,370
155,369
134,363
124,347
155,342
172,343
189,340
223,341
189,345
172,347
155,346
2,164
9,215
17,262
28,307
44,349
71,384
105,410
252,404
285,375
309,337
322,293
328,246
331,196
333,143
19,157
39,128
72,118
106,121
139,133
184,128
216,109
250,101
285,106
310,133
164,162
165,196
167,229
168,264
134,285
152,291
171,296
189,289
206,280
62,177
80,169
100,166
120,173
101,180
81,184
210,164
230,153
250,153
270,156
252,168
232,169
115,347
135,333
155,324
172,330
188,323
209,330
233,339
212,360
192,368
174,371
156,370
136,363
125,346
156,340
172,342
189,339
223,340
190,344
173,347
156,346
3,163
10,212
18,258
28,304
43,346
69,381
102,408
251,405
284,375
308,336
321,291
327,242
331,191
332,139
21,154
41,127
73,118
107,120
138,132
183,127
215,109
249,101
283,106
308,132
162,160
164,196
166,229
168,265
133,284
151,291
170,297
189,289
206,280
62,173
80,166
100,163
121,170
101,178
81,181
207,162
227,152
248,152
268,156
249,167
228,168
113,346
134,333
155,325
171,330
187,324
209,330
233,339
212,359
191,367
174,369
156,368
135,362
124,346
155,341
172,342
188,339
224,340
189,344
173,346
156,345
6,172
12,220
19,266
30,310
46,350
72,384
104,412
251,406
284,378
308,340
322,297
329,250
334,201
336,149
18,160
38,130
71,119
107,121
140,135
183,129
216,110
252,102
287,109
312,137
164,163
166,197
168,229
169,264
134,284
152,291
171,297
190,289
208,280
61,178
80,171
99,168
119,174
100,181
80,184
211,166
231,156
251,157
270,161
252,170
232,170
114,346
135,333
156,324
173,330
189,323
211,329
236,339
214,360
193,369
175,371
157,370
136,363
124,346
156,341
173,342
190,340
226,340
191,344
174,347
157,346
7,163
14,211
21,256
30,302
45,343
70,379
103,405
221,425
256,399
289,369
312,329
323,285
329,237
332,188
332,138
25,151
45,126
76,117
109,120
140,132
184,125
215,107
249,98
283,103
308,128
164,160
165,195
167,229
168,264
135,283
152,290
171,295
190,287
207,278
64,170
82,159
104,156
125,168
105,177
83,180
208,159
228,143
249,142
270,149
252,163
230,164
116,344
136,331
156,323
172,328
189,322
211,328
235,337
213,358
192,367
174,369
157,368
137,361
126,344
157,340
173,341
190,338
225,339
190,342
173,345
157,344
6,151
11,200
19,248
30,296
46,339
72,375
103,404
255,400
289,368
315,327
328,279
334,229
337,175
337,122
20,138
43,116
75,111
109,115
140,127
188,121
217,102
249,92
282,91
309,110
165,153
167,190
169,226
171,263
135,282
153,290
173,294
191,287
209,277
57,152
79,141
102,141
124,160
101,165
77,165
209,150
229,127
253,123
276,131
257,148
233,151
113,344
135,330
156,321
173,327
190,320
212,326
235,335
214,356
193,366
174,368
156,367
135,360
124,344
157,339
174,341
191,338
225,337
191,341
174,343
156,342
6,148
11,197
19,245
29,293
45,337
71,374
103,403
218,422
255,396
290,365
315,324
329,278
337,226
20,135
46,116
78,111
111,115
142,127
188,120
218,101
251,90
285,91
312,110
167,152
168,190
169,226
170,263
136,282
154,289
173,294
192,286
209,276
60,150
81,139
104,140
126,159
103,163
79,163
211,148
231,124
254,120
278,128
259,144
235,149
115,343
136,329
157,320
174,326
191,318
212,325
236,334
214,355
194,364
176,367
158,366
136,359
125,343
158,338
175,340
192,336
225,336
192,339
175,342
158,341
5,152
11,201
18,247
28,294
42,337
68,374
102,403
220,424
256,398
289,368
313,329
325,284
331,236
334,186
335,135
21,144
44,121
76,115
110,118
141,131
187,124
218,106
253,98
287,102
312,126
165,158
167,194
168,229
170,265
134,283
153,291
172,296
190,289
207,279
58,158
79,146
103,145
125,164
102,172
77,174
208,156
229,133
253,131
275,142
257,159
232,161
113,346
135,332
157,322
173,328
190,321
212,328
236,337
214,357
193,366
175,368
157,367
136,360
124,346
157,341
174,342
191,339
225,339
191,341
174,344
157,343
8,162
14,211
21,256
31,302
46,344
72,380
105,408
220,426
256,400
289,369
312,329
324,285
330,237
333,186
334,136
24,153
44,127
76,118
108,120
140,132
185,126
216,108
250,100
284,104
308,129
165,162
167,196
168,229
170,264
135,283
153,291
172,297
191,289
207,280
63,173
82,164
104,160
125,170
105,178
83,182
208,161
228,147
250,146
271,152
252,164
230,166
115,344
136,332
156,323
173,329
189,322
211,328
235,338
213,359
193,368
175,371
157,369
136,362
125,345
157,340
174,342
190,339
225,339
191,343
174,346
157,345
8,165
14,213
22,259
31,303
46,345
72,381
105,409
221,427
257,401
291,371
314,332
327,288
333,241
336,191
336,141
23,155
44,129
76,121
109,123
141,135
187,127
218,109
252,100
285,104
310,129
166,162
168,197
169,232
170,268
135,286
154,294
173,299
192,291
209,282
63,170
82,156
105,153
127,170
106,178
82,181
209,160
230,138
253,136
275,146
257,162
233,164
114,347
136,334
157,325
174,331
190,324
212,330
236,339
214,360
193,369
175,371
157,370
136,363
124,347
158,343
174,344
191,341
226,341
192,345
174,347
157,346
9,168
15,215
21,261
31,305
46,346
71,381
103,409
254,403
288,373
312,334
324,289
331,241
334,191
335,139
24,154
44,127
76,119
109,120
140,132
185,127
217,109
251,100
285,104
310,129
165,160
167,196
168,230
170,267
135,285
153,293
172,298
191,290
208,280
64,169
82,156
105,154
127,168
106,176
83,180
210,159
230,140
253,138
274,147
255,162
232,164
114,347
135,334
156,325
173,331
189,324
211,330
234,339
213,359
192,368
174,370
156,369
135,362
125,347
156,342
173,344
190,341
224,341
191,343
174,345
156,344
5,164
11,213
18,259
29,303
45,343
70,380
103,409
254,404
287,373
310,333
323,288
330,239
333,188
333,136
24,152
45,126
77,118
109,121
140,133
184,129
215,110
248,100
283,103
308,127
163,160
165,196
167,231
169,267
135,285
153,293
172,299
190,290
207,280
63,170
82,159
104,156
125,168
105,176
82,179
208,160
227,144
249,143
270,150
252,164
229,165
115,346
135,333
156,324
173,330
189,323
210,329
234,339
213,361
192,369
174,371
156,370
136,363
125,346
156,341
173,342
190,340
224,340
190,345
174,347
156,345
7,168
14,217
22,262
32,307
46,348
71,384
103,411
256,405
289,375
312,336
325,292
331,243
335,193
336,142
22,155
43,128
75,120
109,122
141,134
185,128
217,110
252,101
287,106
312,131
166,161
167,197
169,231
170,268
136,286
153,293
173,298
192,291
209,281
61,169
80,156
103,153
125,169
104,177
80,180
210,159
231,139
254,137
276,146
257,162
233,164
114,349
135,335
156,326
173,331
190,324
212,330
235,340
214,360
194,369
175,371
157,370
136,364
124,349
157,343
174,345
191,342
226,341
192,344
175,347
157,346
8,166
14,214
22,259
31,304
45,346
70,383
102,411
256,404
289,373
312,333
324,288
328,239
331,189
331,139
24,157
44,129
75,120
108,122
139,133
184,128
215,110
249,102
282,105
307,130
164,162
166,198
168,233
170,269
135,287
153,295
172,300
191,293
207,283
64,173
82,161
104,158
126,171
105,179
83,183
208,162
227,145
249,143
270,151
252,165
229,167
114,349
134,336
155,327
173,333
189,326
211,332
234,341
213,361
192,370
174,372
156,371
135,365
124,349
156,344
173,346
190,343
224,342
191,346
173,348
156,347
7,161
13,210
20,255
30,301
45,343
70,379
102,408
255,403
289,371
313,331
326,285
332,235
335,184
336,131
20,149
43,126
75,119
109,121
141,133
186,128
218,110
252,101
286,103
312,125
165,159
167,196
168,231
169,268
134,286
152,294
172,299
191,291
208,282
58,162
78,149
102,147
125,167
102,175
77,177
209,157
230,134
255,131
277,141
259,159
234,162
113,348
134,334
156,325
173,331
189,324
211,330
235,340
213,361
193,369
174,372
156,370
135,364
123,349
156,343
173,345
190,342
225,342
191,344
174,346
156,345
7,164
13,212
20,257
29,303
44,344
69,382
101,409
217,428
253,405
286,375
309,336
321,291
327,243
330,193
331,143
25,152
45,126
76,118
109,121
139,134
184,128
215,111
249,102
282,106
306,131
164,162
165,197
167,230
169,265
134,285
152,292
171,298
189,291
206,281
65,171
83,160
104,157
125,170
105,178
83,181
207,162
227,146
248,145
269,153
251,167
229,168
114,348
135,333
155,325
172,331
189,324
211,331
233,341
212,361
192,370
173,372
155,371
135,364
124,348
156,343
173,344
190,342
224,342
190,345
173,347
155,346
9,170
15,218
23,263
33,308
48,349
74,385
106,412
255,404
288,374
311,335
324,291
330,243
332,193
332,144
24,157
43,128
74,119
108,121
139,134
184,128
215,110
249,101
284,106
308,132
164,160
166,196
168,230
170,266
135,285
152,293
172,298
191,291
208,281
65,170
83,157
105,155
127,169
106,177
83,180
206,161
227,143
249,142
270,151
252,164
229,165
113,347
134,334
155,325
173,331
189,324
211,330
235,339
214,360
193,369
175,371
157,370
135,363
124,347
156,343
173,344
190,341
225,341
191,344
174,346
156,345
4,168
10,217
18,263
29,308
46,350
73,385
107,412
253,405
286,375
310,336
322,292
328,244
331,194
332,143
18,157
39,129
72,119
107,122
139,135
183,128
215,109
250,101
284,106
309,133
163,162
165,196
167,229
169,264
134,284
152,291
172,297
190,289
207,280
62,176
80,170
99,166
120,172
101,179
81,182
209,163
230,153
249,153
269,156
251,166
230,167
115,347
135,334
155,325
173,330
189,323
211,330
235,339
214,359
193,368
175,371
157,370
136,364
125,347
156,341
173,343
190,340
226,340
191,344
174,347
157,346
7,167
13,214
20,259
30,304
45,346
70,382
102,409
253,405
287,375
310,336
323,292
329,245
332,195
333,145
24,154
44,127
76,119
109,121
140,134
185,129
216,111
251,103
285,108
309,134
164,162
166,197
168,231
169,266
134,285
152,293
171,299
190,291
207,281
64,172
82,163
103,160
125,170
104,178
83,181
208,162
229,149
250,149
270,155
252,167
230,168
114,347
134,334
155,326
173,332
189,325
210,331
233,341
212,361
191,369
174,371
155,370
135,363
124,347
156,343
173,345
189,342
223,342
190,345
173,348
155,346
6,168
12,216
19,263
30,309
46,349
72,385
105,411
253,405
286,377
311,338
323,295
330,247
333,196
334,144
21,156
41,128
73,119
107,122
139,135
184,128
216,109
250,101
284,106
309,132
164,164
166,197
168,229
169,263
134,285
153,291
172,297
190,289
207,280
63,177
81,170
100,167
121,174
102,181
81,184
209,165
230,154
249,154
269,157
251,169
231,170
116,347
135,334
155,325
172,330
188,323
210,330
234,339
213,360
193,368
175,371
157,370
136,363
126,347
156,341
173,342
189,340
224,341
191,344
174,347
157,345
5,165
11,214
18,261
28,306
44,347
69,383
102,410
251,407
285,376
309,337
322,291
328,242
332,191
333,138
22,157
41,129
73,120
106,123
138,135
184,129
215,111
249,103
282,107
307,132
163,162
165,197
166,231
168,267
133,286
151,293
170,299
189,291
206,282
63,175
82,167
102,164
123,171
103,179
83,182
207,163
228,151
248,152
269,156
250,168
229,168
114,348
134,335
155,326
172,332
188,325
210,331
233,341
212,361
191,370
173,372
155,371
135,364
124,348
155,343
172,344
189,342
223,342
190,346
172,348
155,347
6,169
11,217
19,263
29,308
45,349
71,386
104,413
254,405
287,375
309,336
322,291
329,244
332,193
333,142
23,156
43,129
75,120
108,123
140,135
184,128
215,111
249,102
282,106
307,131
164,162
166,197
167,231
169,266
134,286
152,293
172,298
190,291
207,281
63,173
81,163
103,160
124,171
103,180
82,183
207,162
227,146
249,145
270,151
251,165
229,167
113,348
133,334
155,326
172,331
188,324
210,330
233,340
212,362
191,370
173,373
155,372
134,365
123,348
155,343
173,344
189,341
223,341
190,345
173,348
155,346
5,165
12,213
19,258
30,303
45,345
70,381
102,408
220,428
255,403
288,372
312,333
324,288
329,240
331,191
331,141
23,153
44,127
75,119
107,121
138,133
185,127
216,109
249,101
282,104
306,128
163,162
165,197
167,231
168,266
134,285
152,293
171,298
190,290
206,281
63,169
81,156
104,154
125,169
104,177
82,180
207,160
227,141
249,139
269,148
252,163
229,165
114,346
134,333
155,325
172,330
189,324
211,329
234,339
213,360
192,369
174,371
156,370
135,363
124,347
156,342
173,343
190,341
224,341
190,344
173,347
156,346
3,164
10,214
18,260
29,305
45,347
71,383
105,411
253,404
286,375
309,336
322,291
328,243
331,192
333,140
17,160
37,130
70,120
104,122
137,134
184,127
216,109
251,100
285,105
310,132
162,163
164,197
166,230
168,265
133,285
151,292
170,297
189,289
206,280
60,177
79,170
99,166
120,174
100,181
80,184
209,163
229,152
249,151
270,154
252,166
231,167
113,347
133,334
154,325
171,330
188,323
210,329
234,338
212,360
191,368
173,371
155,370
134,363
123,346
155,341
172,343
189,340
224,340
189,344
172,347
155,346
3,165
9,215
17,261
27,307
43,348
70,384
103,411
251,405
283,376
307,337
320,293
326,246
330,195
332,144
16,159
37,130
70,121
104,122
136,135
184,128
216,110
250,102
284,107
308,132
163,162
165,197
167,231
169,266
134,285
152,291
171,297
190,289
206,280
60,177
77,170
97,166
118,173
99,180
78,184
209,163
229,152
249,152
269,155
251,167
230,168
113,346
133,334
154,325
172,330
188,324
210,329
232,339
212,361
191,369
173,372
155,371
134,364
123,346
155,341
172,343
189,340
223,340
189,345
173,348
155,347
6,169
12,217
19,262
29,307
45,348
70,383
103,410
219,428
255,402
288,373
311,334
324,290
330,243
333,193
334,142
22,155
42,128
74,119
107,121
139,132
185,127
216,109
250,100
284,104
308,130
164,161
166,196
168,230
169,265
135,285
152,292
171,297
190,290
207,281
63,170
81,156
104,153
125,169
104,177
82,180
208,160
228,139
251,138
272,148
254,163
231,165
114,346
134,334
156,325
172,330
188,324
211,330
233,339
212,360
191,369
173,371
156,370
135,363
124,347
156,342
173,344
189,341
223,341
189,345
173,347
156,346
3,164
10,214
18,261
28,307
45,348
72,384
106,410
252,405
285,376
309,337
322,293
327,246
331,196
332,144
19,157
40,128
73,119
108,121
140,135
183,129
215,109
250,101
284,106
309,135
163,162
165,196
167,229
170,264
134,284
152,290
171,296
190,288
207,280
61,175
79,169
99,166
120,172
100,179
80,182
210,164
230,154
249,154
269,157
251,168
231,168
115,346
135,333
155,324
172,329
188,323
210,329
234,339
213,360
192,368
175,370
157,370
136,363
125,346
156,340
173,341
189,338
224,340
191,344
174,347
156,345
4,164
11,213
18,259
29,304
44,345
70,382
102,409
221,426
256,401
290,371
313,332
325,288
331,240
334,190
334,139
24,152
45,128
76,119
109,122
140,134
185,127
216,108
249,98
283,101
308,124
165,160
167,196
168,230
170,266
136,285
153,293
172,298
190,290
206,280
63,168
82,153
105,151
126,168
105,176
82,179
208,158
228,136
251,133
272,143
255,160
231,162
115,347
136,333
157,324
173,330
189,323
210,329
233,339
212,360
192,368
175,370
157,369
137,362
125,346
157,342
174,343
190,340
223,341
190,343
174,346
157,345
7,168
12,217
18,263
29,308
44,349
70,385
102,412
254,405
288,375
312,336
325,292
332,243
335,193
22,157
42,130
74,121
108,123
140,135
185,127
217,109
252,100
286,104
311,130
164,160
166,196
167,231
168,267
134,287
152,294
171,299
190,291
207,282
62,171
81,155
104,152
126,169
105,177
81,180
209,159
229,136
252,134
274,145
256,160
232,163
112,349
132,335
154,326
171,331
188,324
211,330
234,339
213,360
191,369
174,371
155,371
134,364
122,349
155,343
172,344
189,341
224,342
190,345
173,347
155,347
4,169
11,218
18,264
29,309
45,351
71,386
103,414
251,409
284,380
308,341
320,297
326,249
331,199
332,148
20,157
41,128
74,119
108,122
140,136
184,131
216,112
251,105
285,110
309,137
164,163
165,197
167,230
169,265
134,285
152,292
171,298
190,291
206,282
62,174
81,165
101,163
122,172
102,179
81,182
209,165
229,153
249,153
269,159
251,170
230,170
114,347
134,334
155,325
172,331
189,324
211,330
234,340
213,361
192,370
174,372
156,371
135,364
124,347
156,343
173,344
190,341
225,341
190,345
173,348
156,346
4,168
10,216
17,262
27,307
43,348
69,384
102,411
252,403
284,374
308,334
320,290
326,243
329,194
329,144
18,158
39,130
71,120
105,122
137,135
183,128
214,110
248,102
282,106
306,132
161,163
163,197
165,230
167,265
133,285
151,292
170,297
188,290
205,281
61,176
79,167
99,163
120,172
100,180
79,183
207,162
227,149
248,149
268,154
250,167
229,167
113,346
133,333
154,325
171,330
187,323
208,329
231,339
211,360
190,369
173,371
155,370
134,364
123,346
155,342
172,343
188,340
222,340
188,344
172,347
155,346
4,172
11,220
19,265
29,310
46,350
73,385
106,411
253,403
286,374
310,335
323,292
329,245
332,195
333,144
18,159
38,129
71,119
106,121
139,134
184,129
215,110
250,102
284,106
308,133
163,163
165,197
167,229
169,263
134,284
152,291
172,296
190,288
207,280
61,178
79,170
98,167
119,174
100,181
80,184
209,164
229,154
249,153
269,157
251,167
230,168
115,346
135,333
156,323
173,329
189,322
210,328
233,338
212,358
192,367
175,370
157,369
136,362
125,346
157,340
173,341
190,338
223,340
190,343
174,346
157,345
5,164
11,213
18,259
29,304
44,346
69,383
101,411
254,405
287,374
310,335
322,289
328,242
331,191
331,141
22,153
43,127
75,119
108,122
140,134
185,128
216,111
250,102
283,106
308,131
163,161
165,196
167,231
169,267
133,287
151,294
171,299
190,292
207,282
62,168
81,157
103,154
125,169
104,177
80,179
208,160
228,143
250,141
271,150
253,164
230,165
112,349
133,335
155,325
172,331
188,324
210,331
234,341
212,361
191,369
173,371
155,370
134,364
123,349
155,342
173,344
189,341
224,343
190,345
173,347
155,346
2,147
7,199
15,247
25,294
41,337
67,374
101,402
216,424
253,400
287,369
313,330
327,283
335,230
17,137
42,115
76,110
110,114
141,126
187,120
217,101
250,90
285,90
312,109
165,150
167,188
169,224
170,261
133,282
152,288
172,293
191,286
209,276
56,149
77,137
100,137
122,156
99,159
76,159
211,145
232,122
255,118
278,127
259,141
235,145
112,344
134,330
155,321
172,327
189,319
210,326
233,335
212,354
192,363
173,366
155,365
134,358
122,343
155,338
173,340
190,336
223,337
190,339
173,342
155,341
4,149
10,200
18,248
28,296
43,339
70,376
103,404
218,425
254,400
288,370
314,330
328,284
335,234
19,137
45,116
78,110
112,113
144,126
188,120
219,101
253,89
287,89
316,108
167,149
169,188
171,225
172,263
136,282
154,289
174,293
193,286
210,276
59,150
80,138
103,138
123,156
101,159
79,160
214,145
234,122
257,118
279,127
261,141
238,144
113,344
135,330
157,322
173,328
189,320
210,325
233,335
212,354
192,363
174,365
157,364
136,358
123,343
157,338
174,340
190,336
223,336
190,339
173,342
157,341
3,163
9,211
17,256
28,300
43,342
69,378
103,406
219,425
255,400
288,370
312,331
324,287
331,239
333,189
334,138
21,148
43,124
75,117
108,120
139,133
184,126
215,108
248,98
281,101
306,124
163,161
165,196
167,230
169,266
133,285
152,293
171,298
190,290
206,280
59,164
78,151
102,150
123,169
101,176
77,178
207,159
227,136
250,134
272,143
254,161
230,164
113,348
134,333
155,323
172,329
188,322
210,329
233,339
212,360
192,368
174,371
156,370
135,363
124,347
156,341
173,343
189,340
223,340
190,343
173,346
156,345
6,162
12,210
18,256
27,302
43,345
69,381
102,408
218,426
253,401
287,371
310,332
323,288
328,240
331,191
331,141
21,149
42,124
74,116
107,119
139,132
184,126
215,108
249,100
282,105
306,129
163,160
165,196
166,230
168,265
133,284
150,292
170,297
188,290
205,280
59,165
79,152
102,151
124,168
102,176
78,178
206,159
226,138
249,136
271,146
252,162
228,164
111,347
132,332
153,323
170,329
187,322
209,328
232,338
211,359
190,368
172,370
154,370
133,363
121,347
154,341
171,342
188,339
222,340
188,343
171,345
154,345
2,169
9,217
16,262
27,306
42,347
68,382
101,409
250,404
283,374
307,336
320,292
326,243
329,193
330,142
16,162
37,132
70,121
105,122
139,134
181,128
213,109
249,100
284,104
308,132
162,162
164,196
166,230
167,265
133,285
151,291
170,296
188,289
205,279
61,177
79,166
100,162
122,172
102,180
80,184
206,161
226,145
248,144
269,150
250,163
228,165
113,347
133,333
154,324
170,330
186,323
208,328
231,338
210,359
190,368
172,371
155,370
134,364
123,347
155,340
171,342
187,339
221,339
188,344
171,347
155,346
6,171
12,219
19,264
29,307
44,348
69,384
101,411
250,407
284,378
308,339
321,294
327,246
331,196
331,144
22,159
42,130
74,120
107,122
139,134
185,128
217,110
251,102
284,107
308,133
164,161
165,197
166,231
168,267
134,287
152,294
171,299
189,291
205,282
64,172
82,159
104,155
126,170
105,179
83,182
208,161
228,142
251,140
271,150
254,165
230,166
112,349
133,335
154,326
171,331
187,325
209,331
233,341
211,362
190,370
173,372
155,371
134,365
123,349
155,343
172,345
188,342
224,342
189,346
172,348
155,347
7,167
13,216
21,262
30,307
45,348
70,384
102,410
251,406
284,377
308,338
320,293
326,244
329,193
329,141
26,154
45,128
76,121
107,123
138,135
183,129
213,111
246,103
279,106
304,130
162,162
164,197
165,230
166,265
133,286
151,293
169,298
187,291
204,281
64,173
82,162
104,158
125,171
104,179
82,182
205,162
225,146
247,145
267,152
249,166
227,167
113,348
133,334
154,326
170,331
187,324
209,330
232,340
211,360
190,368
173,371
155,370
134,364
123,348
155,343
171,344
188,341
222,341
189,345
172,347
155,346
6,168
11,217
18,262
28,307
43,348
69,384
102,411
220,428
256,402
289,373
312,334
324,290
330,242
333,193
334,143
19,160
40,131
73,121
108,123
141,135
183,129
216,110
251,101
285,107
310,133
164,162
165,198
166,232
167,267
133,287
151,294
171,299
189,292
206,282
62,171
81,157
104,155
126,170
105,178
81,181
207,161
228,140
251,138
273,148
254,163
231,165
112,348
133,335
154,326
171,332
187,325
210,331
233,341
212,361
191,369
173,371
155,370
135,364
123,349
155,343
172,345
189,342
224,342
189,345
172,348
155,347
4,166
10,215
18,261
29,306
44,348
70,384
104,411
220,428
254,403
287,373
310,333
323,288
329,241
332,190
332,140
19,159
40,131
72,121
106,123
139,136
183,129
215,110
249,101
283,105
308,130
163,162
164,197
166,230
167,265
134,286
151,293
170,297
188,290
205,280
61,177
79,167
101,163
122,172
102,181
81,185
208,161
228,147
249,146
270,152
252,165
229,166
114,347
133,334
154,325
171,331
187,324
209,330
232,339
212,360
191,369
173,372
155,371
135,365
124,347
155,342
172,343
188,340
222,340
189,345
172,348
155,347
4,173
11,222
18,269
29,315
46,355
74,389
107,416
252,407
285,378
309,338
322,294
328,247
331,197
332,146
19,159
40,130
73,121
108,123
140,137
182,131
214,112
249,104
283,109
307,135
163,164
165,197
167,230
170,264
134,286
152,293
172,298
190,291
207,282
60,179
79,171
99,167
120,176
100,183
80,185
209,166
229,155
249,154
270,159
252,169
231,170
113,348
134,334
155,325
172,330
188,324
210,330
235,340
213,360
192,369
175,371
156,370
135,364
123,348
156,342
173,344
190,341
225,342
190,345
174,348
156,346
7,168
13,216
20,260
31,305
45,346
71,382
104,408
221,427
256,402
289,373
312,334
324,290
330,242
333,193
333,144
25,152
45,126
76,117
109,119
140,132
186,127
217,109
252,101
285,107
309,132
165,161
167,196
168,230
169,266
136,284
153,292
172,297
190,290
207,280
65,169
84,157
105,154
126,168
106,176
84,179
210,161
229,144
251,143
271,151
254,164
231,166
116,345
136,332
156,324
173,329
190,322
211,329
235,338
214,359
193,368
175,370
157,368
137,362
126,345
157,341
174,342
190,339
225,340
191,343
174,346
157,344
8,168
14,216
21,262
32,308
48,349
74,385
107,411
221,426
256,401
289,372
311,333
324,289
330,242
333,193
333,143
27,153
46,127
77,118
110,121
140,133
185,126
216,110
250,101
282,105
307,129
164,161
167,196
168,229
170,264
135,284
153,291
172,297
191,289
208,280
67,171
85,160
106,157
127,169
107,177
86,180
208,160
228,145
250,145
270,151
252,164
230,165
115,345
136,332
157,324
173,329
189,322
212,329
235,338
214,359
193,368
175,370
157,369
137,362
126,346
157,340
174,342
190,339
225,339
191,343
174,346
157,344
6,167
12,217
20,263
30,307
46,349
73,385
106,412
252,406
284,377
308,339
321,295
327,248
331,197
333,146
19,159
39,128
72,118
108,120
140,134
183,127
215,108
251,100
285,106
310,135
164,162
166,196
167,229
169,264
134,283
152,290
171,295
190,288
207,279
63,175
81,169
100,166
121,172
102,178
82,181
210,163
231,154
250,154
270,156
251,166
231,167
113,346
134,331
155,322
172,327
189,321
211,327
235,338
214,358
193,367
175,370
156,369
135,362
124,346
156,340
173,341
190,338
225,339
191,343
174,345
156,344
5,170
11,219
19,265
30,310
46,352
72,388
105,415
252,408
284,378
308,340
321,296
327,248
330,199
331,148
18,160
39,131
72,121
106,122
139,135
182,129
214,111
249,104
284,110
309,137
163,165
165,199
167,231
169,265
133,286
152,292
171,298
190,290
207,282
61,178
79,170
99,167
119,175
100,181
80,184
209,167
229,156
249,155
269,159
251,169
230,170
113,347
133,334
155,325
172,330
188,324
210,330
234,340
212,361
192,369
174,371
155,370
134,363
123,347
155,342
173,343
189,340
224,341
190,345
173,348
155,346
5,173
12,223
21,270
32,315
49,355
77,389
111,415
254,406
287,378
310,339
323,296
329,250
333,200
333,148
18,163
38,133
71,123
106,125
139,138
183,132
215,113
250,105
285,111
311,139
164,165
166,199
168,231
171,265
135,286
154,292
173,298
192,290
208,282
62,179
80,171
100,167
121,175
101,182
81,185
211,166
231,155
251,155
271,159
252,169
232,170
113,347
135,334
156,325
173,330
189,323
212,330
237,340
215,362
194,371
176,373
158,373
136,365
124,347
157,342
174,343
191,340
227,341
191,345
175,348
157,347
8,165
14,213
20,258
30,303
44,346
70,382
102,410
252,408
286,378
310,339
323,294
329,244
332,193
332,142
24,158
43,128
75,118
109,121
141,134
183,129
215,111
250,103
283,108
308,134
164,161
166,197
168,231
170,267
134,285
152,292
171,298
190,290
207,281
66,171
84,161
105,158
125,169
105,177
84,180
208,162
228,148
248,148
268,155
250,166
229,167
115,347
135,334
156,326
173,331
189,324
211,330
234,340
213,359
192,367
174,369
156,368
136,362
125,347
156,342
173,344
190,341
225,342
190,343
174,346
156,344
4,169
11,217
18,263
29,308
45,349
72,384
105,411
251,407
283,379
307,342
321,299
328,252
333,201
335,150
22,155
43,128
75,120
108,123
139,136
185,129
216,110
250,103
284,108
309,135
164,165
166,197
167,229
169,263
134,285
152,291
171,297
190,289
207,280
62,178
81,171
100,168
120,176
101,182
81,185
211,167
231,155
250,155
270,159
253,169
232,171
114,347
134,333
155,324
172,329
189,322
212,329
236,339
214,361
193,369
175,371
156,371
135,364
124,347
156,342
173,343
190,340
226,340
191,344
174,347
156,345
4,170
11,220
19,267
30,312
47,353
74,388
107,416
252,409
284,379
309,339
321,293
327,244
330,193
331,141
14,163
35,132
68,121
104,123
138,135
182,131
214,111
250,103
285,108
309,136
162,164
165,198
167,231
169,266
133,286
152,293
172,299
191,291
207,282
59,178
77,171
97,167
119,174
99,181
78,184
209,164
229,153
250,153
270,156
252,167
230,168
113,348
134,333
155,324
172,330
188,323
211,330
235,340
214,362
193,370
175,373
156,371
135,364
124,347
156,342
173,344
190,341
225,342
191,344
174,347
156,345
4,169
10,218
19,265
30,310
47,352
74,387
108,415
255,404
286,373
310,334
322,290
328,242
330,192
330,142
16,160
37,130
70,120
105,122
138,136
182,130
213,111
247,103
281,107
305,132
162,164
165,198
167,230
170,265
134,285
152,292
172,297
190,290
207,281
61,176
79,168
98,165
119,173
100,180
79,183
207,164
227,151
247,151
268,156
250,167
229,168
114,347
135,333
155,324
172,329
188,323
210,329
233,339
213,360
192,368
175,371
157,370
136,364
124,346
156,341
173,343
190,340
224,340
190,344
174,347
156,345
3,170
10,219
18,266
29,310
46,351
73,385
106,412
251,406
284,378
308,339
321,295
328,247
332,197
334,146
18,157
39,128
72,119
106,122
138,135
184,130
216,110
250,102
284,108
309,134
163,162
166,196
168,229
170,263
134,284
153,291
172,296
190,288
206,280
61,177
79,170
99,166
119,173
100,180
80,183
209,165
229,154
249,155
269,158
251,168
230,169
114,346
134,332
156,323
173,328
189,321
210,328
234,338
213,359
192,367
175,370
157,369
136,363
124,346
156,340
173,341
190,338
224,339
190,343
174,346
156,345
3,167
10,216
18,263
29,307
45,349
72,384
106,411
220,426
255,401
288,370
311,331
324,287
329,240
332,191
332,142
18,160
38,131
71,120
106,122
138,136
183,130
215,111
249,102
283,108
308,134
163,163
165,198
167,230
169,265
135,285
152,292
171,298
190,290
206,280
62,176
80,168
100,164
122,173
102,180
81,184
208,163
228,150
248,150
268,155
250,167
229,167
116,347
136,333
156,324
172,329
188,322
209,329
232,338
211,359
192,368
174,370
157,370
137,363
127,346
157,340
173,341
189,339
223,340
189,344
174,347
157,346
6,170
12,218
19,264
30,309
46,350
73,385
107,412
254,402
287,372
309,332
322,288
328,240
331,189
331,139
18,158
38,130
71,120
106,123
139,136
182,129
214,111
249,101
283,105
308,130
162,162
165,196
166,229
168,263
134,284
152,291
172,296
190,289
207,279
61,178
79,169
99,165
120,173
101,180
80,184
208,162
228,150
248,149
269,153
251,164
229,166
115,346
134,332
154,323
171,328
187,322
209,328
233,339
212,360
192,369
174,371
156,370
136,363
126,345
155,340
172,341
189,338
223,340
189,344
173,346
155,345
6,169
12,216
19,261
29,306
44,348
69,383
103,409
220,427
256,401
289,371
312,331
324,287
330,239
332,190
332,141
22,156
42,129
74,119
108,121
140,133
184,126
215,108
248,98
282,102
306,126
164,160
166,196
168,231
170,266
135,286
153,293
172,298
190,291
207,281
62,170
80,155
103,152
125,169
104,177
80,180
207,158
227,136
251,134
272,144
254,160
230,162
113,348
134,334
156,325
172,330
188,323
210,330
233,339
212,359
192,368
174,370
157,370
136,364
124,348
157,342
173,344
190,341
223,341
190,343
173,346
156,345
3,172
11,222
20,268
30,313
47,353
74,388
107,414
251,406
283,377
307,338
320,294
326,246
330,195
331,143
18,161
38,131
71,122
105,124
137,137
183,130
215,111
249,102
283,107
308,134
163,162
165,196
167,229
169,263
134,284
152,291
171,296
190,289
206,280
61,179
79,171
98,167
119,174
100,181
80,185
208,164
228,152
247,152
268,156
249,166
229,167
114,347
134,333
155,325
172,330
188,323
210,329
235,339
213,360
192,368
174,371
156,370
135,363
124,346
156,341
173,342
189,339
225,340
190,345
173,347
156,346
5,169
12,219
20,267
31,312
48,353
74,388
106,417
252,409
285,379
309,340
322,296
327,247
330,196
331,145
18,161
38,131
71,120
107,122
140,135
184,129
216,110
251,102
285,108
310,135
164,164
166,197
168,228
170,262
135,284
153,290
173,296
191,289
208,280
62,178
81,170
100,166
122,174
102,180
81,183
210,165
230,154
250,154
270,158
252,168
231,168
114,346
135,332
155,323
173,328
189,321
212,328
236,339
215,359
194,367
176,370
157,369
136,362
124,346
156,340
174,342
191,339
227,340
192,343
175,346
156,344
5,172
11,221
19,267
30,311
47,352
73,387
106,412
252,404
284,377
307,339
320,296
327,250
332,200
333,149
20,160
40,130
73,119
107,121
139,134
183,128
215,109
250,101
285,108
309,136
163,163
165,197
167,229
169,263
133,284
151,291
171,296
190,288
207,280
63,179
81,171
100,168
120,175
101,181
82,185
210,166
229,155
249,155
269,159
251,169
230,169
113,346
134,333
155,324
172,329
188,322
211,329
234,338
213,359
192,367
174,370
157,369
135,362
124,346
156,341
173,342
189,339
225,339
190,343
174,346
156,345
9,168
14,216
20,261
30,306
46,347
72,383
104,410
220,428
256,402
289,371
312,332
324,287
330,239
333,191
333,142
25,159
44,130
76,119
110,121
142,133
184,127
216,110
251,101
285,107
310,133
166,162
167,197
168,230
169,265
135,284
153,292
172,298
191,290
208,281
66,171
85,160
106,157
127,170
107,177
85,181
209,161
229,144
251,143
271,151
253,164
231,165
115,347
135,332
156,324
173,329
189,322
211,329
235,339
213,359
192,368
174,370
157,369
136,362
125,346
157,341
174,343
190,340
225,340
191,344
174,346
157,344
6,156
12,205
19,253
30,300
46,343
72,379
103,409
255,403
287,371
312,330
325,283
331,234
333,182
333,131
21,145
44,122
76,117
109,120
140,131
187,125
217,107
249,97
282,99
307,120
166,158
168,194
169,229
171,266
134,285
153,292
173,297
192,290
209,280
58,160
79,147
103,147
125,165
102,172
77,174
207,156
228,133
252,129
275,139
256,156
232,159
112,346
135,332
156,323
173,329
190,321
212,328
234,338
214,358
194,367
176,369
157,368
136,362
123,347
157,341
174,343
191,340
224,340
192,342
175,345
157,343
8,155
13,204
21,252
31,300
46,343
73,378
104,407
255,403
288,372
313,331
327,284
333,233
335,179
336,126
23,142
46,119
77,113
109,116
139,128
186,121
215,102
248,92
281,93
308,113
164,154
166,191
167,227
169,264
134,284
152,291
172,296
190,288
207,279
60,155
81,143
104,142
125,162
103,167
79,168
209,151
229,127
253,123
275,131
257,149
233,152
112,345
134,331
156,323
173,328
190,321
212,327
236,336
214,357
194,366
175,369
157,368
135,360
123,346
156,340
174,342
191,338
226,339
192,341
174,344
156,343
3,173
10,221
19,266
30,310
46,350
73,385
106,411
254,402
287,374
311,335
323,291
328,244
331,195
332,145
18,160
38,130
71,119
106,121
139,133
183,127
215,109
249,102
283,107
308,134
163,162
166,195
168,227
170,261
134,284
153,290
172,295
191,287
207,280
61,178
79,170
99,166
120,174
101,181
80,184
209,165
229,153
249,153
269,158
251,168
230,169
112,345
134,332
155,322
172,327
188,321
210,328
233,337
212,357
192,365
174,368
156,367
135,361
122,345
156,339
173,340
189,337
224,338
190,342
173,345
155,344
8,170
14,218
21,264
31,309
46,350
71,386
103,414
252,407
286,376
310,337
323,291
328,243
331,192
331,141
22,159
41,130
74,120
108,122
140,134
183,128
215,110
250,103
284,108
307,135
165,162
166,196
168,229
170,264
134,285
152,292
172,298
191,290
208,281
65,174
84,165
105,161
127,170
106,177
84,181
206,162
227,148
249,149
269,155
250,166
228,166
113,346
134,333
155,325
172,330
189,323
211,329
235,339
213,360
192,368
174,371
155,369
135,363
123,346
156,341
173,343
190,340
225,340
190,344
173,347
155,346
5,169
12,217
20,262
30,307
45,348
71,384
103,413
252,408
285,377
309,337
322,291
328,242
332,191
332,139
21,158
41,130
73,120
107,122
139,134
183,128
214,109
248,100
282,104
307,130
163,161
165,196
167,230
169,265
135,285
153,292
172,298
190,290
207,280
63,173
82,162
103,158
125,171
104,180
82,183
206,161
227,144
249,143
270,150
251,164
229,166
114,348
134,333
155,324
173,330
189,323
210,329
234,340
212,361
191,369
174,372
156,371
135,364
125,347
156,342
173,343
190,340
224,341
190,344
173,347
156,346
4,166
10,217
18,263
28,310
45,351
72,387
106,413
219,428
253,402
286,372
309,333
322,288
328,240
331,190
331,140
18,161
39,132
72,121
107,123
140,136
183,128
215,110
249,101
283,105
307,131
163,161
165,196
167,230
169,265
133,286
152,293
171,298
190,291
207,282
62,176
81,166
102,162
124,171
104,179
82,183
207,161
227,146
249,146
270,151
251,163
229,165
112,347
134,334
155,325
172,330
188,324
211,330
234,339
213,360
191,370
173,372
155,371
134,364
123,348
156,342
173,344
189,341
225,341
189,345
172,347
155,346
7,166
13,215
20,260
30,305
45,347
70,384
102,412
252,406
285,376
309,337
321,292
327,243
330,193
331,142
23,158
43,131
74,121
108,123
139,135
184,130
215,111
249,103
282,108
307,134
163,163
165,198
166,231
168,266
134,286
152,294
170,299
189,292
205,282
64,173
82,162
103,158
125,171
104,180
82,183
207,163
227,146
249,145
269,153
251,166
229,168
114,348
134,335
155,326
172,332
188,325
210,331
234,341
212,360
191,369
173,371
155,370
135,364
124,349
155,344
172,345
189,342
224,342
189,346
173,348
155,347
4,167
10,216
18,262
29,306
45,347
71,383
104,410
253,405
287,374
310,335
323,292
329,244
332,193
332,141
19,160
39,131
71,120
105,122
137,132
183,126
215,108
249,100
283,105
308,131
163,161
165,197
167,231
169,267
134,285
152,292
171,297
190,289
206,280
62,174
80,164
100,160
121,172
102,179
80,183
207,162
227,145
249,144
269,151
251,164
229,166
115,347
135,333
155,324
172,330
188,323
211,329
234,339
213,360
192,369
174,371
156,370
136,364
125,347
156,341
173,343
190,340
224,341
190,345
173,347
156,346
7,170
13,217
20,261
30,304
45,345
71,381
105,408
222,425
257,399
290,370
312,331
324,287
329,240
332,191
332,142
24,153
45,128
76,119
108,121
139,133
184,126
215,108
248,99
281,103
306,127
164,162
166,197
167,230
169,266
135,285
153,292
172,298
190,290
206,280
64,171
82,158
104,155
125,170
104,178
82,181
207,160
227,142
249,141
270,149
252,163
229,165
115,345
134,332
155,323
172,328
188,322
210,328
234,337
213,359
192,367
174,369
156,368
136,362
125,346
156,341
173,342
189,339
224,339
190,342
173,345
156,344
6,166
12,215
19,261
30,305
45,346
71,382
103,410
218,428
254,404
287,374
311,335
323,290
329,242
332,192
333,140
19,161
40,132
73,121
107,122
140,135
184,128
216,109
251,101
286,107
311,134
164,161
166,196
167,230
169,265
135,285
153,292
172,297
190,290
206,280
64,174
82,162
104,159
126,171
105,179
83,183
207,161
228,144
250,143
271,151
253,164
230,166
114,347
134,333
155,324
172,329
188,322
210,329
233,338
212,360
191,369
173,371
155,370
135,363
124,347
156,342
173,343
189,340
223,340
189,344
173,347
156,345
6,171
13,219
21,265
31,310
47,351
73,387
106,414
254,408
286,379
310,340
323,297
330,249
334,199
335,148
19,162
40,132
72,122
107,124
139,136
185,129
217,111
251,103
285,109
310,135
165,163
167,197
169,230
171,265
136,285
154,291
173,296
191,289
208,280
64,180
82,173
100,169
120,174
102,180
83,184
212,165
231,157
250,156
270,159
252,168
232,169
116,348
136,333
157,324
174,329
191,323
213,329
236,339
215,360
194,368
176,371
158,370
137,364
126,347
158,341
175,342
192,339
227,340
192,344
175,347
157,345
4,170
11,219
18,264
29,308
44,349
70,384
104,411
218,429
253,404
286,374
310,335
322,290
328,242
331,190
332,139
21,159
41,131
73,122
106,124
138,135
182,129
214,110
248,101
282,104
307,129
163,162
165,197
166,230
168,265
135,286
152,293
171,298
189,290
206,280
63,178
81,168
102,163
124,172
104,182
82,186
207,161
226,146
248,145
269,150
251,164
228,166
114,348
133,334
155,326
172,331
188,324
210,330
233,339
212,361
192,371
174,374
155,373
135,365
124,348
156,343
173,344
189,341
223,341
190,346
172,349
155,348
