10,164
16,211
23,257
33,302
49,344
74,382
106,410
253,405
287,374
312,334
326,288
332,238
335,187
335,138
30,146
51,123
82,116
114,118
144,130
186,126
216,109
248,101
281,104
306,125
166,161
168,196
169,229
171,264
137,285
155,292
174,297
193,289
210,280
65,166
85,154
107,153
128,169
107,176
84,177
210,162
230,142
252,140
273,149
255,163
232,166
116,347
138,334
159,325
175,329
191,323
213,328
238,338
216,357
194,367
177,370
160,369
139,362
127,347
160,342
176,344
192,341
228,339
192,344
176,346
160,345
6,166
11,214
18,259
27,302
42,342
68,377
100,405
248,404
281,376
304,339
318,297
325,251
330,202
332,152
20,156
41,127
74,118
109,121
141,134
183,128
216,110
252,103
288,111
312,141
164,162
166,195
167,227
169,261
133,281
151,288
170,294
189,286
205,277
60,175
79,168
99,165
120,173
100,180
79,183
209,167
230,157
250,157
270,162
252,172
230,172
112,344
134,329
155,320
172,325
188,319
210,326
233,336
212,357
191,365
173,367
156,366
134,360
122,343
156,337
172,338
189,336
224,337
190,341
173,343
156,342
7,167
13,215
20,261
29,305
44,346
70,381
103,408
249,404
282,375
305,337
318,294
325,247
330,197
332,146
20,157
40,128
73,119
107,121
140,134
183,127
216,109
252,102
287,110
312,138
164,163
166,196
167,228
169,262
133,282
151,289
171,295
190,287
207,278
60,176
79,170
100,168
121,175
101,183
79,185
209,167
230,158
251,158
271,162
252,173
231,173
113,344
135,330
156,321
172,326
188,319
211,327
234,336
212,357
191,365
174,368
156,367
135,360
123,344
157,337
173,338
189,336
225,337
190,342
173,344
156,343
6,162
12,209
19,255
29,300
45,342
71,377
104,405
221,421
255,397
288,367
310,329
323,285
329,238
332,188
332,138
23,151
44,125
76,117
110,120
142,131
187,124
218,107
252,98
285,103
310,127
166,158
167,194
169,228
170,263
135,283
153,290
173,295
191,288
208,278
61,165
81,151
105,149
127,167
105,177
80,179
208,157
229,135
253,132
275,142
257,160
232,163
113,344
135,329
156,320
173,326
190,319
212,326
236,335
214,356
193,365
175,368
156,367
136,359
124,343
157,339
174,340
191,337
226,337
191,340
174,343
157,342
7,151
13,200
19,247
28,294
43,338
68,375
101,404
217,425
253,401
287,371
312,331
326,284
334,233
23,141
48,121
80,116
113,119
144,130
190,123
221,106
254,95
287,95
314,114
168,157
170,194
171,229
172,265
136,285
154,292
174,297
193,289
210,279
60,162
80,149
104,148
127,166
104,174
80,176
212,154
232,130
257,127
280,136
261,154
236,158
113,345
135,332
156,323
172,328
189,321
210,327
233,336
212,357
192,365
175,368
157,368
136,362
124,345
157,341
173,343
190,339
223,338
190,341
174,344
157,343
6,165
12,214
19,260
29,305
44,347
70,382
102,409
251,403
285,373
309,335
321,291
328,243
331,193
332,143
22,151
44,127
76,119
109,121
141,133
188,126
218,108
251,98
283,100
309,122
165,160
167,196
168,230
169,265
134,285
152,292
171,297
190,290
207,280
60,168
79,153
103,150
126,169
104,177
79,180
208,157
229,134
253,131
275,141
257,159
232,162
111,347
133,333
154,324
171,329
187,322
209,328
232,338
211,359
191,368
173,370
155,370
134,364
122,347
155,341
172,343
188,340
223,339
189,343
172,346
155,345
3,165
10,215
17,261
27,306
44,348
69,383
102,410
217,426
252,401
285,372
309,333
321,288
327,240
330,190
330,140
20,146
42,125
74,119
106,121
137,132
186,127
216,111
247,102
279,103
306,121
163,160
165,197
167,231
168,267
133,285
151,293
170,298
188,290
205,280
57,165
77,152
100,150
122,168
100,177
76,179
206,158
226,137
250,134
273,143
254,161
229,163
110,347
132,333
153,324
170,329
186,322
207,328
229,338
209,360
189,368
172,371
154,370
133,363
121,347
154,342
171,343
187,340
220,340
188,343
171,345
154,345
4,164
10,213
18,259
28,304
43,346
69,382
103,409
216,427
250,404
284,375
307,337
320,293
326,245
329,194
331,142
21,155
42,128
74,121
108,124
139,137
183,132
214,114
248,106
282,110
307,136
163,164
165,198
166,230
168,265
133,284
151,292
170,298
188,291
205,281
62,174
81,167
101,164
123,171
103,179
81,183
207,165
227,153
248,154
269,159
250,170
229,170
113,346
133,333
154,324
171,330
187,323
208,330
231,340
211,360
191,368
173,370
155,369
134,362
123,346
155,341
171,343
188,340
221,341
189,344
172,346
155,345
6,161
12,210
20,256
30,302
45,344
71,379
103,407
219,426
254,402
288,372
311,334
324,289
331,241
334,192
336,141
20,148
44,125
76,118
110,120
143,132
190,126
221,109
255,99
288,101
314,123
167,160
168,196
170,232
171,267
135,287
153,294
173,298
192,291
210,281
57,163
78,150
102,148
125,167
102,175
76,177
211,158
233,134
257,131
280,141
261,159
236,162
111,348
134,335
155,325
173,331
189,323
212,331
235,339
213,360
193,369
174,371
156,370
134,364
122,348
156,343
173,345
190,342
224,341
191,343
173,346
156,345
6,170
12,219
20,265
31,309
47,350
73,385
105,412
253,405
285,376
309,336
322,292
327,245
331,194
332,143
19,160
39,130
72,120
108,121
140,135
184,130
216,111
251,103
285,109
310,137
164,163
166,196
168,228
171,263
135,283
153,290
173,296
191,288
208,279
63,178
81,171
100,167
121,174
102,181
82,184
210,165
230,155
250,155
270,159
252,169
231,169
116,346
136,332
157,324
173,329
190,322
212,329
235,339
214,359
193,367
175,369
157,368
137,362
126,346
157,340
174,342
191,339
225,340
191,343
174,346
157,344
5,163
12,212
19,257
29,302
44,344
70,378
103,405
219,424
254,400
288,370
311,330
323,285
330,236
333,186
334,135
23,152
44,127
76,120
109,122
141,133
186,126
216,109
249,98
283,100
309,120
165,159
167,195
168,230
170,266
135,285
153,292
172,296
191,289
207,279
62,167
81,152
104,150
127,167
105,175
81,178
208,155
229,133
252,130
275,139
256,157
232,160
113,345
134,332
156,323
172,328
188,321
209,327
232,337
212,358
192,367
174,369
156,368
136,362
124,346
156,341
173,342
189,339
222,339
190,342
173,344
157,344
4,169
11,219
20,265
31,309
47,351
73,386
106,413
252,405
284,376
307,338
320,293
325,246
329,196
330,145
21,158
42,131
74,122
108,124
139,137
183,131
214,113
248,105
281,109
306,135
163,163
165,197
167,230
169,265
134,285
152,292
171,298
190,290
206,281
62,177
80,169
100,166
121,173
101,180
81,184
208,165
228,154
248,154
268,158
250,168
229,169
115,346
136,333
155,325
172,330
188,323
209,330
233,339
212,359
192,367
174,369
157,368
137,363
125,346
156,341
173,342
189,339
223,341
190,344
173,346
156,345
8,167
13,215
21,262
31,307
46,349
72,385
105,413
253,405
286,375
309,335
321,290
327,242
331,191
331,140
23,155
43,128
75,121
108,123
140,136
183,131
215,113
248,104
282,107
307,131
164,163
166,197
167,230
169,266
133,285
152,293
171,299
190,290
207,280
63,176
81,168
101,164
123,171
103,179
82,183
208,162
229,151
249,152
270,156
251,167
230,167
115,347
135,334
155,325
172,330
188,324
210,330
233,340
212,360
192,369
174,371
156,370
135,363
125,347
156,342
173,343
189,340
223,341
190,344
173,347
156,346
6,167
12,216
20,261
30,307
46,348
71,384
104,412
254,403
286,373
309,334
322,290
328,243
331,192
332,142
21,158
42,130
74,120
108,122
141,134
185,128
216,110
250,101
284,105
308,129
166,162
168,197
170,230
172,265
136,284
154,292
173,298
192,290
209,280
64,173
82,162
104,159
125,170
105,178
83,181
209,161
229,145
251,144
271,152
253,165
231,166
114,346
135,332
156,324
173,329
189,322
210,328
233,338
212,360
192,367
174,370
156,369
136,363
124,346
157,341
173,342
190,340
223,340
190,343
174,346
156,345
4,154
8,204
16,252
28,298
45,340
70,376
102,405
216,426
252,402
286,371
312,331
325,285
333,235
21,143
46,123
77,119
110,121
141,133
190,127
219,111
251,100
284,100
310,117
167,159
169,195
170,230
171,265
134,286
153,293
173,297
192,290
210,281
58,161
79,149
102,148
125,166
102,173
78,175
210,156
231,133
255,130
278,139
259,157
234,160
114,346
136,333
157,324
174,330
190,323
212,329
235,337
214,360
194,369
176,372
158,371
137,363
126,346
158,343
175,344
191,341
225,340
192,342
175,345
158,344
6,166
13,215
20,260
30,304
45,345
70,380
102,408
253,402
286,372
310,332
322,288
328,240
331,191
333,141
21,159
41,130
74,120
108,121
141,134
184,127
216,109
250,101
284,106
309,131
165,160
166,196
168,230
169,265
135,284
153,291
172,297
191,289
207,279
63,170
82,156
105,153
127,169
105,176
82,180
208,160
228,140
251,139
271,149
253,163
230,164
113,346
134,332
156,324
173,329
189,322
211,328
234,339
213,358
192,365
174,367
156,367
135,361
123,346
156,341
173,342
190,340
224,340
190,342
174,344
156,343
6,165
14,214
21,260
32,306
47,347
72,382
105,409
220,424
255,400
288,369
312,330
324,285
330,236
333,185
335,133
23,151
44,128
75,121
107,122
138,132
186,125
216,108
249,98
282,99
309,118
164,158
166,195
167,230
169,266
136,285
153,292
172,297
190,289
206,280
61,167
80,151
103,149
125,167
104,175
80,178
208,155
228,131
252,127
274,137
256,156
232,159
112,346
133,332
155,323
172,329
188,322
210,328
233,337
212,359
192,368
174,370
155,370
134,362
123,346
156,341
173,343
189,340
223,340
190,342
173,345
155,344
5,163
12,213
20,259
30,303
45,345
70,381
102,408
250,404
283,374
306,336
319,291
325,244
329,193
331,142
23,155
43,128
74,119
108,122
139,134
184,128
216,111
250,103
284,107
309,134
164,161
166,196
167,229
169,264
134,283
152,291
171,296
190,289
206,279
64,174
82,167
101,163
122,170
103,178
82,181
209,162
229,151
249,151
269,155
251,166
230,167
113,345
133,332
154,324
171,329
187,322
209,329
232,338
211,358
191,366
173,369
155,368
134,362
123,345
155,340
172,341
189,339
222,340
189,343
172,346
155,345
6,163
11,211
19,257
29,301
44,343
69,380
99,411
249,409
283,378
308,337
320,290
325,240
329,189
329,139
22,158
42,130
75,120
109,122
142,133
185,129
217,110
251,102
285,107
308,133
165,161
167,196
169,229
171,264
134,285
153,292
172,298
191,290
209,280
64,172
82,161
104,157
126,168
106,177
83,180
207,161
228,146
250,145
270,153
252,165
229,166
113,346
134,332
155,323
173,329
189,322
211,328
235,338
213,360
192,369
173,371
155,369
134,362
123,347
156,341
173,343
190,340
225,340
190,344
173,346
155,345
7,168
12,216
19,261
29,305
45,345
70,380
103,406
253,401
286,371
309,333
321,289
328,242
331,193
332,143
26,151
46,126
77,118
109,120
140,131
183,126
214,108
248,100
282,103
307,127
163,159
165,195
167,229
168,263
135,282
152,290
171,296
189,288
206,278
63,168
82,154
105,151
126,168
105,176
82,179
206,159
226,138
249,137
270,148
252,163
229,164
114,345
135,331
156,322
172,327
188,320
211,327
234,337
213,358
192,367
174,369
156,368
136,361
125,345
156,340
173,341
189,338
225,339
190,342
173,344
156,343
7,165
13,214
21,260
29,305
44,346
69,382
102,409
253,402
286,372
308,333
320,289
326,241
329,191
329,141
24,157
44,129
75,120
108,122
140,134
184,127
216,110
249,102
282,107
306,133
165,163
166,197
167,230
169,264
134,284
152,291
171,296
189,289
206,280
66,174
83,163
105,159
126,171
106,179
84,182
207,162
227,146
249,146
269,153
251,166
229,167
113,346
133,332
154,323
171,328
187,322
210,328
233,338
212,359
191,367
173,370
155,369
134,362
123,346
155,340
172,341
188,339
224,340
189,344
172,347
155,346
2,140
8,192
16,242
26,291
43,334
70,371
102,399
218,420
255,394
289,364
315,325
329,278
336,226
16,135
42,115
76,109
110,113
142,124
187,119
217,100
251,89
285,89
314,107
165,148
167,187
169,223
170,260
134,279
153,286
172,291
191,284
208,274
56,146
77,134
101,135
121,154
99,157
76,157
212,142
232,119
255,115
278,124
260,139
236,142
113,341
135,327
156,318
173,324
189,316
211,323
234,331
213,352
192,361
174,364
157,364
135,356
124,341
157,336
174,337
190,334
224,333
190,337
174,340
156,339
7,147
11,198
17,247
27,296
44,339
71,375
104,403
218,422
253,397
286,368
312,329
327,283
334,231
21,136
46,115
78,110
111,113
141,127
188,120
217,101
251,90
284,90
312,109
166,152
167,189
169,226
170,263
134,281
152,289
172,294
191,286
208,276
60,150
81,139
103,139
123,157
102,161
79,161
212,146
232,124
255,120
277,128
259,143
235,147
113,343
135,329
155,321
172,326
188,319
209,325
233,334
211,354
192,362
174,365
156,364
135,357
123,342
156,338
173,340
190,336
223,336
190,338
173,341
156,340
6,157
12,205
19,252
28,298
44,340
70,376
104,403
221,421
256,395
289,364
312,325
324,279
329,231
331,182
331,133
24,142
46,120
78,115
110,118
140,130
187,124
217,107
249,98
281,101
306,123
165,157
166,193
168,228
170,264
135,282
153,290
172,295
190,287
206,278
61,159
80,147
104,146
124,164
103,172
79,172
208,156
228,134
251,132
272,142
255,158
231,160
113,345
135,330
156,321
172,327
189,319
210,326
233,336
213,356
192,364
175,367
157,366
136,360
124,345
156,339
173,340
190,337
223,338
191,339
174,342
157,341
5,159
10,207
17,253
28,298
44,340
70,376
101,405
252,402
286,371
311,331
323,285
330,236
332,185
332,134
21,142
45,122
77,117
110,119
141,131
188,125
217,108
249,98
281,99
308,116
165,158
167,194
169,228
171,263
134,284
153,291
172,296
191,289
208,279
56,159
77,146
102,146
124,165
101,172
76,173
208,155
229,131
254,128
276,138
258,156
233,159
112,345
134,331
156,322
172,328
189,321
211,328
234,337
212,359
192,367
174,369
156,368
135,361
123,345
156,341
173,343
189,339
223,339
190,342
173,344
156,343
7,158
13,207
19,253
29,300
44,343
70,379
103,406
217,426
252,401
286,372
310,333
324,288
331,239
333,187
335,135
22,145
46,125
77,120
109,123
139,134
189,127
218,111
250,101
283,101
309,119
165,160
167,196
168,231
170,267
135,286
153,294
172,299
191,291
208,281
58,163
79,150
102,149
124,167
102,174
78,176
209,157
230,133
254,130
277,140
259,157
234,160
111,347
134,333
155,324
171,329
188,322
209,329
232,338
211,358
191,368
173,371
155,370
134,363
122,347
156,342
172,344
189,340
221,340
189,342
172,346
155,345
6,161
12,210
19,255
29,301
45,344
70,380
102,410
217,429
252,403
286,373
310,334
322,288
328,239
331,188
332,136
21,149
44,128
76,122
108,125
140,136
187,128
217,111
249,100
282,100
308,119
164,162
166,198
168,232
169,267
135,287
153,295
172,300
190,292
206,281
59,167
79,154
102,152
125,169
103,177
78,180
207,158
228,135
252,132
274,141
256,158
231,162
111,349
132,334
155,325
171,330
188,323
210,329
232,338
211,360
191,369
173,372
155,371
133,365
121,349
155,342
172,344
189,341
222,341
189,344
172,347
155,346
8,167
13,215
20,261
29,305
44,346
69,381
101,408
252,404
286,374
309,336
321,291
327,244
331,194
332,143
22,159
42,131
75,121
109,123
141,135
185,129
217,111
251,103
284,108
309,134
165,161
167,196
168,230
169,265
135,285
152,293
171,298
190,291
207,281
64,172
83,158
105,156
127,170
106,178
83,181
207,161
228,143
250,142
271,151
253,164
230,166
112,346
133,333
154,324
171,330
188,323
210,330
233,340
212,359
191,368
173,370
155,369
134,362
122,347
155,342
172,343
189,340
223,341
189,344
172,346
155,345
7,167
12,215
19,262
29,307
45,349
70,383
103,411
252,405
285,375
309,336
322,292
328,243
331,192
332,142
21,156
43,129
75,121
108,123
140,135
184,129
215,111
248,102
281,104
306,126
164,161
166,197
168,231
170,267
134,287
152,294
172,299
191,291
208,281
60,168
79,153
102,151
124,169
102,177
78,180
207,159
227,136
251,134
273,144
255,162
230,164
112,348
133,335
155,325
172,330
189,323
211,330
234,340
212,360
192,368
174,370
155,369
134,363
122,349
155,343
173,344
190,341
224,341
190,344
173,346
156,345
4,171
11,221
20,268
31,313
47,353
74,387
106,414
250,408
282,379
306,340
318,297
324,249
329,199
331,149
19,159
40,130
73,121
107,124
139,137
184,131
216,113
250,105
283,111
308,137
164,165
166,198
169,230
171,264
134,284
152,291
172,297
191,289
207,281
63,180
81,173
100,170
121,176
102,182
82,185
208,168
229,158
248,158
268,162
250,171
230,172
112,346
133,332
154,323
171,328
188,322
210,329
233,339
212,360
192,369
174,371
155,370
134,363
122,346
155,340
172,341
189,339
224,340
190,343
173,346
155,345
7,168
13,217
20,263
30,307
46,348
71,384
103,410
254,403
287,374
311,336
323,292
329,245
332,195
333,144
21,159
42,131
75,120
110,121
143,134
186,127
217,109
252,101
286,106
311,131
166,160
168,196
169,230
170,266
136,285
154,293
173,298
191,291
208,281
64,170
83,157
106,154
129,169
107,177
84,180
209,159
230,140
253,138
274,147
256,162
232,164
114,348
135,333
156,324
173,330
190,322
212,329
234,339
214,358
194,367
175,370
157,369
136,362
125,347
157,341
174,343
191,340
224,341
192,343
174,346
157,345
5,162
11,210
18,256
28,301
44,343
69,378
103,406
218,426
253,402
286,373
310,334
323,288
329,240
333,188
335,137
22,154
43,129
75,121
109,122
141,134
187,127
218,110
251,100
285,104
310,127
165,161
167,196
169,231
171,266
135,285
153,292
172,297
191,290
207,280
61,167
80,153
103,150
125,168
103,176
80,179
208,157
228,134
252,131
274,142
256,159
232,162
113,347
133,333
155,324
171,330
187,323
210,329
232,339
212,359
191,368
173,370
155,369
134,362
123,346
155,341
172,343
188,340
222,340
189,343
172,345
155,345
6,162
12,211
20,256
30,301
45,343
70,378
103,405
220,424
255,399
288,369
312,330
324,284
330,236
333,186
334,136
22,151
44,126
76,118
109,120
141,131
187,125
218,107
251,97
284,100
309,122
166,159
168,195
169,230
170,266
134,285
153,292
172,297
191,289
208,280
61,166
80,152
103,149
124,168
103,176
79,179
210,156
230,133
253,130
275,140
257,158
233,161
114,346
134,332
155,323
172,329
188,322
210,328
233,337
213,358
192,366
174,369
156,368
136,361
125,346
156,341
173,343
189,339
223,339
190,341
174,344
156,343
7,163
12,211
19,256
29,301
44,343
69,379
101,408
254,401
287,370
311,331
322,286
327,237
330,187
330,137
21,156
41,129
74,120
108,122
141,135
185,128
216,109
250,100
284,104
307,129
165,158
167,194
168,229
170,265
133,285
152,293
172,298
191,290
208,280
59,166
79,152
102,150
124,167
103,175
79,178
207,156
227,135
251,133
272,142
254,158
230,161
112,346
134,333
155,324
172,330
188,323
210,329
234,337
212,359
192,368
174,370
156,369
135,362
123,346
156,341
173,343
189,340
223,339
190,343
173,346
156,345
7,166
13,214
19,259
29,304
45,345
70,381
103,408
255,402
288,372
312,333
323,289
329,241
332,191
332,141
20,159
41,130
74,120
109,122
142,135
185,128
216,110
251,101
285,106
309,131
166,160
168,196
169,230
171,266
135,285
153,292
173,297
191,290
208,280
63,169
82,156
105,154
127,169
106,176
83,179
208,159
228,139
251,138
272,147
254,162
231,164
113,347
134,333
156,324
172,330
189,323
210,329
233,339
212,359
192,367
174,369
156,368
135,362
124,347
157,342
173,343
190,340
223,341
190,344
174,346
156,345
6,164
12,212
19,258
28,303
44,344
69,378
102,404
218,423
253,400
286,372
310,334
322,289
329,241
333,191
334,140
23,152
44,125
76,116
110,119
141,132
185,125
216,106
250,96
284,102
308,127
165,158
167,194
168,228
169,264
133,283
152,290
171,295
190,287
207,278
62,166
81,153
104,150
125,166
104,174
81,177
208,157
228,135
251,133
273,143
254,158
231,161
113,344
134,331
155,322
171,328
187,321
209,328
232,336
211,356
191,364
173,366
155,365
135,358
123,344
156,339
172,340
189,338
222,338
189,341
172,343
155,342
7,165
12,213
18,258
29,302
43,343
68,378
99,407
253,403
287,372
312,333
324,288
330,240
332,188
332,137
20,158
40,129
73,119
108,121
140,133
184,127
215,108
250,98
284,103
309,128
164,159
166,194
168,229
170,265
135,283
153,291
172,296
191,289
207,278
62,170
80,155
103,152
125,167
104,176
81,180
207,157
227,137
250,135
271,144
253,160
229,162
113,346
134,332
155,323
172,329
188,322
209,329
232,338
210,359
190,367
172,369
154,368
134,362
124,346
156,341
173,342
189,339
222,340
188,343
172,345
155,343
6,168
12,216
20,261
30,305
46,346
71,381
103,409
251,403
284,374
307,334
319,289
325,241
328,190
328,140
19,159
39,130
72,119
107,121
140,134
183,127
214,109
248,100
282,104
306,129
163,161
166,195
168,228
170,263
135,283
153,291
172,297
190,289
207,279
62,176
80,167
100,162
122,170
102,179
81,183
207,161
227,147
248,147
269,152
251,164
229,165
114,346
134,332
155,323
172,328
188,322
209,328
232,338
212,359
191,368
174,370
155,369
135,363
125,346
156,340
173,341
189,338
222,339
189,344
173,346
155,345
4,169
10,217
19,262
28,307
43,349
69,384
104,410
220,426
254,400
286,371
308,332
319,287
325,240
328,191
329,141
17,161
38,132
72,122
106,124
139,137
181,131
213,112
248,103
282,107
307,132
163,163
165,197
167,231
169,266
134,285
152,292
171,298
190,290
207,280
60,177
78,169
99,165
120,173
100,181
79,185
207,163
227,149
248,148
269,153
250,165
228,167
113,347
133,333
154,324
171,330
187,323
208,330
231,340
211,359
190,368
173,370
155,369
134,362
123,346
155,341
172,343
188,340
221,341
188,343
172,346
155,345
3,161
10,209
16,255
26,301
42,342
68,377
102,404
219,424
254,399
288,369
311,329
324,283
330,235
333,183
333,133
19,148
42,125
74,119
107,122
139,132
185,126
215,109
248,99
281,101
307,121
164,160
166,196
168,230
170,265
134,285
153,292
172,298
190,290
207,280
57,162
77,149
101,148
123,167
101,174
76,176
206,157
227,134
251,130
273,140
255,158
230,161
112,346
134,332
155,322
171,328
188,321
209,328
231,338
211,359
191,368
173,371
155,370
134,362
123,346
155,340
172,342
189,339
221,340
189,342
172,345
155,344
4,165
10,214
17,260
28,305
43,346
70,383
102,411
249,406
282,376
306,338
319,294
326,246
329,196
331,144
19,160
39,131
72,120
107,122
140,135
182,129
214,111
249,104
283,110
307,136
163,161
165,195
166,228
168,263
133,284
151,291
170,297
189,289
205,280
63,175
81,166
101,162
123,171
103,178
82,181
206,162
226,149
247,149
267,156
249,166
227,167
111,345
132,332
153,323
170,328
186,322
208,328
231,338
210,359
189,368
172,370
153,369
132,363
122,346
153,340
171,341
188,338
221,339
188,343
171,346
153,344
3,155
8,203
15,250
25,295
41,338
66,375
98,404
252,402
285,371
309,332
322,286
328,236
332,185
332,133
21,149
43,125
75,118
109,122
140,135
185,128
215,110
249,100
283,103
308,126
164,160
166,196
168,230
169,265
133,284
151,292
171,297
190,290
207,280
58,162
78,150
101,148
123,166
101,174
77,175
207,157
228,136
252,133
273,142
255,159
231,162
112,346
134,332
155,323
172,329
187,322
209,329
232,338
211,358
191,366
173,369
156,368
135,362
123,346
156,341
172,342
188,339
222,340
189,342
173,345
155,343
6,168
12,218
19,264
29,309
45,350
71,385
104,412
252,407
284,378
308,338
320,293
325,245
329,195
330,145
19,162
40,132
73,121
108,123
140,137
184,130
216,111
251,104
285,110
309,138
164,163
167,196
168,228
170,263
134,284
152,290
172,296
191,289
207,280
63,179
81,172
100,168
121,174
102,181
82,184
209,165
229,156
248,156
268,159
250,169
230,169
113,347
134,333
155,324
172,329
188,323
210,329
233,339
212,359
192,367
173,369
155,368
135,362
124,346
155,340
172,342
189,339
223,340
190,344
173,346
155,345
4,168
11,217
19,263
29,307
45,348
72,383
105,409
217,426
252,402
284,374
307,335
319,291
325,244
329,194
331,143
20,159
40,130
73,120
108,122
140,134
183,128
215,111
249,102
283,107
307,134
163,163
165,196
167,229
169,264
135,284
152,290
171,296
189,288
206,280
63,178
81,170
100,166
121,173
102,180
82,184
209,164
229,153
248,153
268,156
250,167
230,168
115,345
134,332
155,323
171,328
187,322
209,328
232,339
211,358
191,366
173,369
156,368
135,361
125,344
156,339
172,341
189,338
223,340
189,343
172,346
155,344
3,165
10,214
18,259
29,304
44,347
70,383
103,409
252,401
285,371
307,331
319,287
325,239
328,189
329,138
17,160
38,131
71,120
106,122
139,134
179,129
210,110
245,101
280,106
305,132
161,160
164,195
166,229
168,264
132,284
150,291
170,296
188,288
205,278
60,174
78,165
99,161
120,170
100,178
79,182
206,161
225,148
246,147
267,152
249,164
227,166
113,346
133,331
153,322
171,328
187,321
209,327
231,338
211,359
191,368
173,370
154,369
134,362
124,345
154,339
172,340
188,337
221,339
189,343
172,346
154,345
6,170
12,217
19,262
29,305
45,346
69,382
101,411
250,405
283,375
307,336
319,292
326,245
330,195
331,145
18,163
38,133
71,122
105,123
139,134
183,129
214,110
249,102
284,107
309,133
163,162
165,196
167,229
169,264
133,284
151,290
171,296
190,288
207,279
61,177
79,169
99,165
122,172
101,180
80,184
208,162
228,149
249,148
270,153
252,165
230,166
113,346
133,331
154,322
171,328
187,321
209,327
232,339
211,359
190,367
173,370
154,369
133,362
124,346
154,339
172,341
189,338
221,340
189,343
172,346
154,345
5,168
12,217
19,263
30,308
46,349
71,384
103,412
252,407
285,376
308,336
321,290
327,242
330,190
331,138
19,162
39,133
71,122
106,123
139,135
182,130
214,111
249,102
284,107
309,133
163,162
165,196
167,230
169,265
134,285
152,292
171,297
190,289
206,279
62,175
81,166
102,161
123,171
103,179
82,183
207,161
227,147
248,146
269,151
251,164
229,165
113,347
134,333
155,325
172,330
188,323
209,329
232,338
211,360
191,369
173,371
155,370
135,364
124,347
156,341
173,342
189,339
222,340
189,345
172,348
155,346
9,168
14,216
20,262
30,307
46,348
71,383
103,411
253,403
286,374
309,335
322,291
329,244
332,195
332,146
23,153
44,127
76,119
110,122
142,135
185,129
216,110
251,101
285,106
310,131
165,161
167,196
168,230
170,265
135,285
153,293
172,298
191,291
208,281
60,167
79,152
103,150
125,169
103,177
79,179
209,160
230,137
254,135
276,145
258,163
233,164
113,348
134,333
156,324
173,329
189,322
210,329
234,340
212,361
192,369
174,371
156,370
135,363
124,348
156,342
173,343
190,341
224,341
190,344
173,346
156,345
5,164
10,214
18,260
29,305
45,345
71,381
103,409
251,404
284,374
307,335
320,291
326,243
329,193
330,142
19,161
39,131
72,120
107,121
140,133
183,126
216,109
250,102
284,108
307,135
164,161
166,196
168,229
170,264
133,283
152,291
172,296
191,289
207,279
62,174
80,165
101,161
122,170
102,178
81,182
207,161
228,147
249,147
270,153
251,165
229,166
113,345
133,332
154,323
171,328
188,322
210,328
233,338
212,358
191,366
173,369
155,367
134,362
123,345
155,339
172,341
189,338
223,339
189,342
172,345
154,344
7,156
13,206
20,252
29,299
44,341
70,378
103,406
218,425
254,400
288,370
312,331
325,286
331,237
334,186
336,134
21,148
43,124
75,118
109,120
141,132
186,125
217,107
251,97
284,99
310,120
164,158
166,194
167,229
168,265
134,284
152,291
171,296
189,289
205,279
60,164
79,149
102,148
124,166
102,174
78,177
208,155
228,131
253,128
275,138
257,156
232,159
113,346
133,332
154,323
170,329
187,322
208,328
231,337
211,357
191,365
173,368
155,367
134,361
123,346
155,341
171,342
188,338
221,338
189,340
172,343
155,343
6,168
12,216
19,262
29,306
46,348
72,383
106,410
252,402
284,372
308,333
320,289
326,241
330,192
331,141
19,161
39,131
73,120
108,122
141,135
182,128
214,110
249,101
283,106
307,134
163,161
165,195
167,227
169,262
133,284
151,290
171,295
190,288
207,279
62,177
80,170
99,166
120,172
101,180
81,183
209,162
230,152
249,152
269,155
251,165
231,167
114,347
134,332
155,323
172,328
188,321
210,328
233,338
212,358
192,366
174,369
156,368
135,361
125,346
156,339
173,341
189,338
223,339
190,342
173,345
156,343
3,150
8,200
15,247
26,294
41,338
67,374
100,402
216,424
252,399
286,369
310,330
324,284
330,233
334,181
19,137
45,118
77,113
111,116
142,128
186,122
215,104
247,93
281,91
309,108
165,153
166,190
167,226
169,263
133,283
151,289
171,294
189,287
207,277
58,151
79,139
102,139
123,159
100,163
77,163
209,148
230,124
253,120
276,129
258,145
234,149
112,344
133,330
155,321
171,327
187,320
209,326
233,335
211,356
190,365
173,367
155,366
134,359
123,343
155,339
172,340
188,336
222,337
188,340
172,343
155,342
4,145
9,197
16,245
25,293
41,337
68,373
101,401
216,423
253,399
286,369
312,330
327,284
334,232
20,134
46,115
79,110
112,115
143,128
187,121
218,103
251,92
285,92
313,110
166,152
167,190
169,226
170,263
134,281
152,289
172,294
191,286
208,276
59,148
80,138
102,138
123,156
101,159
78,159
211,146
231,123
255,120
278,128
259,143
235,146
112,343
134,330
155,321
172,326
188,319
209,325
233,334
211,354
192,362
174,365
156,364
135,358
123,342
156,338
173,339
190,335
222,336
190,339
173,342
156,341
7,158
12,206
19,252
30,298
46,340
71,376
104,403
218,421
253,397
286,367
311,329
325,284
332,235
334,185
334,134
22,137
46,118
77,113
109,116
138,128
187,122
216,105
248,96
279,97
306,115
164,156
166,192
167,228
169,264
134,282
152,290
171,295
190,287
206,278
58,155
78,143
102,143
123,162
101,168
77,169
208,152
228,130
252,127
275,136
256,153
232,156
112,343
134,329
156,320
172,326
189,319
211,325
235,334
213,356
193,365
175,367
156,367
135,359
123,343
156,339
173,340
190,337
224,337
191,340
174,342
157,341
6,158
12,206
19,252
29,298
44,340
70,376
103,403
217,424
252,399
285,370
310,332
323,286
329,237
332,187
333,137
24,143
47,121
79,115
111,118
142,131
187,125
216,107
249,99
281,103
306,124
166,158
167,194
169,228
170,263
135,282
153,290
172,295
191,288
207,278
60,159
80,147
103,146
125,165
103,172
79,173
208,157
228,134
252,132
273,142
255,158
231,161
113,344
135,330
156,321
173,326
189,319
211,327
234,336
213,356
192,365
175,367
157,366
136,359
124,344
157,339
173,340
190,338
223,338
190,340
174,342
157,341
6,151
11,201
18,249
28,296
44,339
71,375
104,403
217,423
254,398
287,368
312,329
326,284
334,234
22,136
46,116
79,112
111,115
141,127
187,121
217,103
249,91
283,91
310,110
165,153
166,190
168,227
169,263
134,281
152,288
171,293
189,286
206,276
61,150
81,138
104,138
124,158
103,162
80,162
209,147
229,123
253,118
275,128
257,144
233,148
114,342
135,329
155,320
172,326
188,318
210,324
233,333
212,354
192,362
174,365
156,364
135,357
124,342
156,337
173,339
189,335
223,335
190,338
173,341
156,340
8,152
13,202
20,250
30,298
47,341
73,377
106,404
220,421
256,396
290,365
314,325
328,279
334,227
336,175
22,137
47,116
78,112
111,115
141,126
187,120
217,102
249,91
282,90
310,109
166,151
167,189
169,226
170,264
136,281
154,288
173,293
191,285
208,276
60,150
80,138
103,138
123,157
101,160
79,161
212,145
231,122
254,118
277,127
259,141
235,145
114,342
135,328
156,320
173,326
189,319
211,324
233,333
212,353
193,362
175,365
157,363
136,356
125,342
157,337
174,338
191,335
223,335
191,338
173,341
156,340
6,155
11,205
19,252
29,298
44,341
70,377
103,404
217,423
254,398
287,367
312,328
324,282
330,233
332,182
334,131
20,141
44,121
76,115
108,118
139,130
188,122
218,105
251,94
284,95
311,114
165,156
166,193
167,228
168,265
134,283
152,291
171,295
189,288
206,279
57,157
78,145
103,144
124,163
101,169
77,170
210,152
231,128
255,124
278,133
260,151
235,155
111,345
132,330
154,321
171,326
187,319
210,326
233,335
212,357
191,366
173,369
155,368
133,360
122,345
155,340
171,341
188,338
223,338
189,341
172,344
155,343
5,167
11,214
19,259
29,303
44,345
70,380
103,408
251,400
283,370
306,333
319,289
324,242
328,192
329,142
17,160
37,130
70,119
104,120
137,132
182,126
214,108
249,101
283,106
307,133
162,161
163,194
165,225
167,259
132,281
150,287
170,293
188,285
205,276
61,178
78,169
98,165
119,172
100,179
79,184
207,162
227,150
247,149
268,153
250,164
228,165
112,344
132,329
152,320
170,326
186,318
208,324
232,334
211,356
190,364
172,367
154,367
133,360
123,343
154,338
171,339
188,336
222,336
188,340
171,343
153,342
4,165
10,214
17,259
27,303
42,344
67,379
100,406
251,401
284,371
307,331
319,287
325,239
328,189
328,139
18,158
39,130
71,120
106,122
138,134
181,128
212,109
247,100
281,106
305,131
162,161
164,196
165,229
167,263
132,284
150,291
169,296
187,289
204,279
60,170
79,158
102,154
124,169
103,177
80,180
204,160
224,141
247,140
268,149
250,163
227,165
110,345
132,331
153,321
170,327
187,320
208,326
232,337
210,358
190,367
171,369
153,368
133,361
121,345
153,340
170,341
188,338
221,338
188,341
171,344
153,343
7,166
13,214
20,260
30,305
45,346
70,382
102,411
249,406
282,375
306,336
320,291
327,243
330,192
330,142
26,152
45,126
75,117
107,119
137,131
184,126
215,109
247,102
279,106
303,130
163,160
165,195
167,228
169,263
134,282
152,290
171,295
189,288
205,279
66,170
84,160
105,157
125,168
106,176
84,179
206,161
226,146
247,146
267,153
249,165
227,166
114,344
134,330
155,321
171,326
187,320
208,327
231,337
210,357
190,365
173,367
155,366
135,360
124,344
155,339
172,340
188,338
222,339
188,341
172,343
155,342
8,169
13,216
20,261
30,305
45,346
70,381
103,408
218,424
254,400
287,370
310,332
321,287
327,240
329,191
329,141
28,154
47,127
77,119
108,120
138,131
184,125
214,108
246,99
278,103
301,126
164,161
166,196
167,228
169,263
135,281
153,289
171,295
189,287
205,278
67,171
85,160
106,157
126,169
107,176
86,180
207,160
227,143
247,142
267,149
250,163
229,164
115,344
135,330
155,321
171,327
188,321
209,327
231,338
210,357
190,365
172,367
155,366
135,360
125,344
156,339
172,341
188,339
221,339
188,341
172,343
155,342
5,166
11,214
18,259
28,303
42,345
68,380
101,406
217,425
252,401
285,372
309,333
321,289
328,241
331,192
331,142
21,153
42,127
74,118
108,120
139,132
185,126
215,108
248,99
282,102
306,126
164,160
166,195
167,230
168,265
134,284
151,291
170,297
189,289
205,279
60,166
80,151
103,149
125,167
103,175
79,178
206,158
227,134
250,132
272,142
254,159
230,162
113,344
133,331
154,322
171,328
187,321
208,328
232,337
210,359
189,367
172,369
154,368
134,361
123,344
155,340
171,341
188,338
221,339
188,342
171,344
154,343
4,162
10,210
19,255
29,300
44,342
70,378
103,404
219,424
254,399
287,369
311,330
323,285
329,237
332,188
333,137
20,145
43,124
74,118
107,121
138,133
185,127
215,110
248,100
282,102
308,122
162,160
164,196
165,230
167,266
133,284
151,292
170,297
188,289
205,279
57,162
76,149
100,148
121,166
99,174
75,176
208,157
228,134
252,132
274,142
256,159
231,162
112,346
133,331
154,321
171,327
187,320
209,327
232,337
211,358
191,366
173,368
155,368
134,361
123,346
155,340
172,341
188,338
222,339
189,342
172,344
155,344
4,171
11,220
19,266
29,310
46,350
72,384
104,410
248,405
279,377
304,340
317,298
324,251
330,200
332,149
18,157
39,128
71,118
106,120
138,133
181,128
213,110
249,103
283,109
307,136
162,162
164,195
166,227
167,260
131,281
150,288
170,293
188,286
206,278
62,177
80,170
99,167
118,173
100,179
81,183
208,166
228,156
247,156
267,160
249,169
229,169
111,344
132,329
153,321
170,326
187,319
209,326
232,337
211,357
190,366
172,368
154,367
133,360
121,344
154,338
171,339
188,336
223,338
189,341
171,344
154,343
6,166
12,214
19,259
29,303
44,344
70,378
103,404
219,422
254,397
287,369
310,331
323,286
329,239
332,190
332,140
24,150
44,125
76,117
108,119
139,130
185,125
215,107
248,98
281,100
306,122
164,158
166,194
167,228
168,263
134,283
152,290
171,295
190,287
207,278
62,166
81,152
103,149
125,166
104,174
81,177
207,156
227,135
250,133
272,143
254,159
230,161
114,344
134,330
155,321
172,326
188,320
209,326
232,336
212,356
191,365
174,367
156,366
135,360
124,344
156,339
172,340
189,337
223,338
189,340
173,343
156,341
6,165
12,213
18,258
28,302
43,344
69,380
102,406
220,423
255,397
288,367
309,328
320,284
326,238
329,190
330,140
20,157
40,129
72,118
107,119
139,132
182,126
214,108
249,100
283,107
308,133
163,160
165,194
166,228
167,263
132,282
150,289
169,295
188,287
205,278
62,170
81,159
103,155
124,167
104,175
81,178
207,159
227,144
249,143
270,150
252,163
229,164
113,343
132,329
153,321
170,326
187,320
209,326
233,335
211,357
190,365
172,367
154,366
133,359
123,343
154,339
171,340
188,337
223,337
188,341
171,343
154,342
3,166
9,216
17,262
28,307
44,348
71,384
104,411
248,405
280,377
305,339
318,295
324,247
329,197
330,146
18,158
39,128
71,119
106,121
138,134
182,128
214,109
249,101
283,107
308,135
162,162
164,195
166,227
167,262
132,282
150,289
170,294
188,287
205,279
61,177
79,169
98,166
118,173
100,179
80,182
208,164
228,154
247,154
267,157
249,167
229,168
109,345
131,330
152,321
169,326
186,319
208,326
232,336
210,357
190,366
171,368
153,368
132,361
119,344
153,338
170,339
187,336
222,338
188,341
171,344
153,343
8,164
13,211
20,256
29,301
44,343
68,379
100,406
217,424
252,400
284,369
307,330
319,285
324,238
328,190
328,141
24,153
43,126
74,117
106,120
137,132
182,126
213,109
246,101
279,105
303,130
161,160
163,195
165,228
167,263
132,282
150,289
169,295
187,287
203,278
63,169
81,157
102,154
123,168
103,175
81,179
205,160
225,143
246,143
266,151
248,164
226,165
111,342
132,330
153,322
169,326
185,321
207,326
230,336
209,357
188,365
171,367
153,366
133,359
122,343
153,339
170,340
186,337
221,338
186,341
170,343
153,342
4,170
11,219
18,266
29,310
45,351
72,386
104,412
249,404
281,377
305,339
318,297
325,250
330,201
331,150
20,157
41,128
73,119
107,122
138,136
182,130
214,111
248,103
281,108
306,134
163,164
164,197
166,229
168,262
132,283
150,290
169,295
188,288
205,279
62,178
80,171
99,168
119,175
101,181
81,184
208,167
228,156
248,156
267,161
249,170
229,171
112,345
133,330
153,321
170,326
187,320
208,327
232,338
211,359
190,366
172,369
154,368
133,361
122,344
154,338
171,340
188,337
223,338
188,343
171,345
154,344
6,165
12,213
19,258
30,303
45,345
72,380
105,408
251,401
283,372
307,334
320,290
326,243
330,193
331,142
19,155
40,127
71,118
105,121
137,133
181,128
213,109
247,101
281,105
307,131
161,161
163,194
165,227
167,261
132,281
150,288
169,293
188,285
205,277
62,175
80,169
99,165
119,170
100,177
81,181
207,161
227,152
246,152
267,155
248,165
228,165
114,343
133,329
153,320
170,325
186,318
208,325
233,336
211,356
190,364
172,367
154,366
134,359
124,343
154,337
171,339
187,336
223,337
188,340
172,342
154,341
8,160
14,209
20,254
28,300
42,341
67,377
100,405
215,426
251,401
283,372
307,334
319,290
325,242
329,193
331,142
26,151
46,126
76,118
109,120
139,133
184,126
216,109
249,101
283,107
306,132
163,161
164,196
165,229
166,264
132,283
150,290
169,296
188,288
204,279
65,171
83,161
104,158
125,169
105,176
83,180
207,161
227,146
248,146
269,152
250,165
229,166
113,344
133,331
153,323
169,328
185,321
207,327
231,337
209,357
189,366
171,368
154,367
134,361
123,344
154,340
170,341
186,338
221,338
187,342
170,344
154,343
6,162
11,210
18,256
28,300
42,342
68,378
102,405
218,423
254,398
287,368
311,329
322,284
328,236
331,186
332,136
20,157
41,129
73,118
107,120
140,133
183,126
214,108
249,99
283,105
308,130
164,159
166,194
168,227
170,262
133,282
152,290
171,295
190,287
207,277
63,172
82,164
102,160
124,169
104,177
82,181
207,159
228,145
249,144
270,149
251,162
229,163
113,343
134,329
155,321
171,326
188,319
210,326
232,335
212,355
191,364
173,366
155,365
134,358
124,343
155,338
172,340
189,337
222,336
189,340
172,342
155,341
7,168
13,215
19,260
29,304
44,346
70,381
103,407
220,423
255,398
288,369
311,330
323,286
329,239
331,190
332,140
23,155
44,128
76,118
109,120
141,133
183,127
214,109
248,100
282,103
307,128
165,160
167,195
168,229
170,264
136,283
153,291
172,296
191,288
208,278
65,171
82,158
104,155
126,168
106,176
83,180
208,159
227,140
249,139
271,146
253,161
230,163
112,343
134,330
155,321
172,327
188,321
209,327
232,336
211,355
190,364
173,366
155,365
134,358
123,343
156,338
172,340
189,337
222,338
188,340
172,343
155,342
6,170
12,218
19,264
29,308
45,349
72,383
106,409
250,405
282,378
305,341
318,299
325,252
330,203
332,152
21,154
43,128
74,120
107,122
138,135
183,129
215,111
249,103
282,107
306,133
163,163
165,196
167,228
169,261
134,282
152,289
171,294
189,287
205,278
63,177
81,171
99,168
119,173
101,179
81,183
209,165
229,156
248,157
267,160
249,168
230,169
114,344
134,330
154,322
171,326
187,320
208,327
231,337
211,356
191,364
173,367
156,366
135,359
125,343
155,338
171,339
188,337
222,338
189,341
172,343
155,342
5,165
12,213
19,258
29,302
43,344
68,381
101,408
251,401
283,372
306,333
318,288
324,241
328,191
329,140
21,154
41,127
73,118
106,120
138,133
182,126
214,109
248,100
281,105
306,131
162,160
164,194
166,226
167,260
133,281
150,288
169,294
188,286
204,277
64,174
82,165
103,161
124,170
104,178
83,182
206,160
226,147
247,147
267,152
249,164
227,165
112,344
132,330
153,321
170,326
186,319
208,326
232,336
211,357
190,365
172,367
154,366
133,360
123,344
154,338
171,339
188,337
222,337
188,340
171,343
154,342
6,150
11,200
18,248
28,295
44,338
70,374
102,402
216,423
252,398
285,368
310,329
324,282
330,231
332,178
332,125
23,138
47,117
78,113
111,116
141,129
186,123
214,103
246,92
278,91
307,108
164,153
166,190
167,227
169,264
135,282
153,289
172,293
190,286
206,276
59,151
80,139
103,139
122,158
101,162
78,162
209,148
228,124
251,120
273,129
255,144
232,148
113,344
135,329
155,320
172,325
189,318
210,324
232,334
211,354
191,363
173,366
155,365
135,358
124,343
156,338
173,340
190,336
222,336
189,338
173,341
155,339
9,146
14,196
21,245
29,293
44,337
70,374
102,402
219,422
255,397
289,367
313,327
327,280
334,229
21,134
46,116
77,112
110,115
139,127
189,120
218,103
251,92
283,91
312,107
165,152
167,189
168,226
169,263
134,282
152,288
171,293
190,286
207,276
59,151
79,139
102,139
123,158
101,163
78,163
211,147
231,123
255,119
278,128
259,144
235,148
111,343
132,330
154,320
171,326
188,319
209,325
233,333
212,354
191,363
173,366
154,365
133,358
121,343
154,339
172,340
189,337
223,335
189,338
172,342
154,340
6,150
12,199
19,247
29,295
44,338
70,374
103,402
218,421
254,397
287,366
312,326
325,279
332,228
21,137
45,117
76,113
108,117
138,129
186,122
216,104
248,93
281,92
308,109
164,154
165,191
167,227
168,263
134,282
152,289
171,294
189,287
205,277
57,157
77,145
101,144
122,162
100,169
76,171
208,151
229,128
253,124
275,133
257,151
232,155
113,342
134,328
154,320
171,326
187,319
209,325
233,334
212,355
191,364
173,367
155,366
134,358
123,342
155,339
172,340
189,337
223,336
189,339
172,341
155,340
6,156
12,204
19,250
29,297
44,339
70,376
102,403
218,422
253,398
286,368
310,329
324,285
330,236
333,186
334,135
22,140
46,120
78,115
110,118
141,130
188,124
218,106
250,96
282,96
309,114
165,158
167,193
169,228
170,263
134,284
152,291
172,295
190,288
207,279
57,160
78,147
102,146
123,165
101,173
76,174
209,155
230,131
254,128
276,138
258,156
233,159
111,345
133,330
154,321
171,327
188,319
209,327
232,336
211,356
191,364
173,367
155,366
134,360
122,344
155,339
172,341
189,337
222,338
189,339
172,342
155,341
7,161
13,210
19,255
29,300
43,341
69,377
101,403
218,422
253,397
286,368
309,329
321,285
326,238
329,189
331,140
23,152
43,125
75,117
108,119
139,131
185,125
216,108
249,99
282,104
306,129
164,159
165,194
167,227
168,263
133,282
151,290
170,295
189,287
206,277
62,167
81,154
103,152
125,167
104,176
81,178
207,159
227,139
250,138
271,146
253,162
230,164
113,344
133,329
153,321
170,327
187,320
209,326
232,336
211,356
191,365
172,367
154,366
134,359
123,343
154,338
171,339
188,337
222,337
189,340
171,342
154,341
7,170
12,217
19,262
28,307
44,348
69,383
103,410
250,401
283,372
306,333
318,289
324,243
327,194
327,145
23,155
43,129
74,120
107,123
138,135
181,129
212,111
245,102
277,106
302,129
162,162
164,196
165,230
167,264
133,284
150,291
169,296
187,289
204,280
63,173
81,162
103,158
123,170
104,177
82,181
204,161
224,145
245,145
265,152
248,165
226,166
112,344
132,331
153,322
169,328
186,321
208,327
231,337
210,359
189,368
171,370
153,369
133,362
122,344
153,340
170,341
187,338
221,339
187,343
171,345
153,344
5,167
11,214
18,259
28,304
43,346
68,381
102,407
251,401
284,373
307,334
319,290
325,243
329,193
330,142
18,160
38,130
71,119
106,121
139,134
182,127
214,108
249,100
283,105
307,132
163,161
165,196
167,229
168,264
134,283
151,290
170,296
189,288
206,278
61,175
79,167
99,163
120,171
101,179
80,183
207,161
227,148
247,147
269,152
250,164
228,165
114,344
134,331
154,322
171,328
186,321
208,327
230,337
210,357
190,366
172,368
155,367
135,360
125,344
155,339
172,340
188,337
220,338
188,342
171,345
154,344
7,169
12,216
19,261
29,306
44,347
69,382
101,409
253,401
287,371
310,332
322,287
328,240
332,190
331,141
20,157
41,129
74,120
108,122
140,135
184,128
215,109
249,99
283,104
307,129
164,159
166,195
168,229
169,264
135,284
153,292
171,296
190,289
206,279
62,167
81,152
104,149
126,167
105,175
81,178
206,157
227,134
250,132
272,144
254,159
229,162
112,344
133,331
155,322
171,328
187,321
208,327
231,337
210,357
190,366
173,368
155,367
134,360
123,344
156,340
172,341
188,339
221,338
188,341
172,344
155,343
4,160
10,209
17,254
27,300
42,341
67,378
100,405
216,426
252,401
285,371
309,333
322,288
327,239
330,189
331,139
22,149
44,125
75,118
108,120
140,133
187,126
217,109
249,100
282,103
307,126
164,160
166,196
167,231
168,266
134,284
152,292
171,297
189,289
205,279
59,162
79,149
102,148
123,166
101,174
78,176
207,157
228,134
251,132
272,142
254,159
231,162
112,346
134,332
155,323
171,328
187,322
209,328
231,338
210,358
190,366
173,368
155,368
134,361
123,346
155,341
172,342
188,339
222,339
189,342
172,345
155,344
3,168
10,217
18,263
29,307
46,348
71,383
104,411
252,403
284,373
307,333
320,289
326,241
330,191
330,141
17,159
37,129
69,119
104,120
136,133
182,126
214,108
248,100
281,105
305,131
162,161
165,194
167,226
169,260
134,281
152,288
172,293
190,286
206,277
61,176
79,168
98,165
119,170
100,178
80,181
207,160
227,150
247,150
267,153
249,163
228,164
114,343
134,329
154,320
171,325
187,319
209,325
232,336
211,356
191,364
173,367
155,366
135,359
124,343
155,336
172,338
188,335
223,337
189,341
172,344
155,342
5,166
12,216
19,262
29,307
44,348
70,383
104,408
253,401
286,372
308,334
320,290
326,243
329,193
330,143
18,160
39,131
71,121
106,122
138,135
182,128
214,109
248,101
283,106
308,132
163,161
166,195
167,229
169,264
134,283
152,290
171,295
189,288
206,278
60,174
78,164
99,160
121,170
101,179
79,182
207,161
227,146
249,145
270,151
252,164
229,165
114,345
134,331
154,322
171,327
188,321
210,327
234,336
213,358
192,366
174,369
156,368
135,362
124,345
155,339
172,340
189,337
224,338
190,343
173,345
155,344
6,165
13,214
20,260
30,304
45,345
70,380
103,407
253,400
286,371
309,332
320,288
326,240
329,190
330,140
22,155
42,127
75,117
108,119
140,132
182,126
213,108
247,99
280,104
305,129
163,160
165,194
167,227
169,261
133,282
151,289
171,294
190,287
206,277
62,170
81,159
103,156
125,168
104,176
81,179
205,159
225,143
247,142
268,149
250,163
227,164
113,344
134,330
155,321
172,326
188,319
210,325
234,335
213,356
192,365
174,367
155,366
135,359
124,343
155,337
173,338
189,336
224,337
190,341
173,343
155,342
9,171
15,218
22,262
31,306
46,346
71,381
104,407
220,424
255,398
287,369
309,330
321,286
327,240
330,192
330,142
24,155
44,128
75,119
108,121
139,133
185,127
215,109
248,100
281,105
305,128
164,159
166,194
167,228
169,263
135,282
153,290
172,295
190,288
206,278
64,169
82,155
104,152
125,167
105,176
82,179
207,159
227,139
249,137
269,147
252,161
229,163
115,343
135,330
156,322
172,327
188,320
210,327
233,336
212,357
191,365
174,367
156,366
136,360
125,344
156,339
173,340
189,337
223,338
189,341
173,343
156,342
5,167
11,215
19,261
29,306
45,347
71,382
105,408
217,425
251,401
284,372
308,334
320,290
327,243
330,194
331,144
19,158
39,129
72,120
106,122
139,134
184,128
215,109
249,101
283,105
308,130
163,160
165,194
167,227
168,262
134,283
152,289
171,295
189,287
206,277
62,176
80,168
100,163
121,170
102,178
81,182
208,159
229,147
249,147
270,151
251,163
230,164
114,344
134,330
155,322
171,327
187,320
209,326
231,336
211,357
190,366
173,368
156,368
135,361
124,343
156,338
172,339
188,336
222,337
188,342
172,345
156,344
3,169
10,218
18,263
29,307
45,347
71,381
104,408
251,403
283,373
306,333
319,289
324,242
328,192
329,142
17,160
38,132
71,122
106,123
138,136
181,129
212,111
246,103
280,107
305,132
162,163
164,196
166,228
168,261
133,283
151,290
171,295
189,287
205,278
60,177
78,170
98,166
119,173
100,180
80,183
206,162
226,152
246,152
266,155
248,166
227,167
114,344
134,329
154,320
171,326
187,319
209,326
232,337
212,357
191,366
173,368
155,367
135,361
125,343
155,338
172,339
189,336
223,338
189,341
172,344
155,342
7,164
13,213
20,258
29,303
44,344
69,379
100,407
251,403
285,373
309,333
321,287
327,239
330,188
331,137
20,160
40,130
73,119
107,121
140,134
182,128
214,110
249,101
283,107
307,134
163,160
165,195
167,228
168,264
134,283
152,291
171,296
189,289
206,279
63,171
82,160
104,156
126,169
105,177
83,180
205,160
226,143
248,143
269,150
250,163
227,164
113,344
134,331
155,322
172,327
188,321
210,326
233,336
212,356
191,365
173,367
155,366
135,360
124,345
156,339
173,340
189,338
223,338
189,341
173,343
155,342
10,166
16,213
22,258
30,302
44,343
69,378
100,406
252,402
286,371
309,331
321,286
325,237
328,188
328,138
25,157
43,128
74,117
108,119
139,131
183,125
214,108
248,100
281,105
305,131
164,159
166,194
167,227
169,262
134,282
152,289
171,295
190,288
206,278
65,168
83,155
105,153
126,167
106,175
83,178
205,159
226,141
248,140
268,149
250,163
227,164
112,343
133,329
154,319
171,325
188,319
210,325
233,336
211,355
191,364
172,366
154,365
134,359
123,343
155,338
172,339
189,337
223,338
189,340
172,342
154,341
4,167
11,216
19,262
29,307
46,348
73,383
107,410
253,399
284,370
307,331
318,288
324,241
327,193
328,144
19,156
40,128
72,118
106,120
137,133
182,126
214,109
247,100
280,104
304,129
163,162
165,196
167,228
169,262
134,282
152,289
171,294
189,286
206,278
61,176
79,168
99,165
119,172
100,179
80,182
207,162
227,150
247,150
268,153
249,165
229,166
113,343
133,329
154,320
171,325
188,318
210,325
233,335
214,356
193,364
175,367
157,366
135,359
124,343
156,338
173,339
190,336
224,337
191,340
174,342
156,341
4,159
8,207
15,252
25,298
41,339
66,375
98,404
251,401
285,371
309,330
322,284
328,235
330,185
329,136
21,144
45,123
76,117
108,120
138,131
185,125
213,108
245,98
276,99
302,118
163,160
165,194
167,228
169,262
133,284
152,291
171,295
189,289
205,279
57,163
77,150
100,149
121,166
100,174
76,176
206,157
226,136
249,133
270,143
253,159
229,162
110,345
132,330
154,321
171,327
187,320
209,327
231,337
210,358
190,366
172,368
154,367
132,360
121,345
154,340
171,342
188,339
221,339
188,341
171,343
154,342
8,168
13,215
20,260
30,304
44,345
69,380
102,406
220,425
255,399
289,371
312,332
324,287
330,240
332,191
333,141
21,157
41,129
73,119
107,120
139,132
185,125
216,108
250,100
283,104
308,127
165,159
167,194
168,228
170,263
136,283
153,290
172,295
191,288
207,278
63,169
81,156
103,153
125,167
105,175
82,179
208,157
228,138
250,137
272,145
254,160
231,162
114,344
134,330
155,321
171,327
188,321
209,327
231,337
211,356
191,365
173,367
155,366
135,359
124,343
156,339
172,340
189,338
221,339
189,340
172,343
155,342
8,162
14,210
20,255
29,300
44,342
69,377
102,404
219,423
254,398
287,369
310,330
323,286
329,238
331,189
332,139
25,148
46,123
77,116
110,119
141,131
185,125
215,107
247,97
280,99
305,121
165,158
167,194
168,228
169,264
135,282
153,290
172,295
190,288
207,278
62,165
81,152
103,149
124,165
103,174
80,176
208,156
228,135
251,133
272,142
254,158
231,160
113,345
133,330
154,321
171,327
187,320
209,326
231,337
211,355
191,364
173,366
155,365
134,359
123,344
155,338
172,339
188,336
222,338
188,340
172,343
155,342
8,165
13,213
19,258
28,303
43,343
67,379
100,407
250,403
283,373
307,335
320,290
326,242
329,192
329,142
25,154
44,127
76,119
108,121
139,134
182,127
213,110
246,101
279,106
303,131
163,161
165,195
166,228
167,263
132,283
150,291
169,296
188,289
205,279
65,172
82,162
103,159
125,170
104,177
83,181
206,161
226,146
247,146
268,152
249,164
228,165
112,345
132,331
153,323
170,328
186,321
208,328
231,337
210,358
189,367
172,369
154,368
133,362
122,345
154,340
171,341
187,338
221,339
187,342
171,345
154,344
4,173
10,221
18,266
28,310
44,349
70,383
103,407
248,403
281,376
305,339
318,297
325,251
329,201
331,150
18,158
39,128
71,118
106,120
138,132
182,126
214,109
249,102
284,108
308,136
162,161
164,194
165,226
167,259
132,281
150,287
169,292
188,285
205,277
61,177
79,170
98,166
118,172
100,179
80,182
208,164
228,154
248,154
268,158
249,168
229,168
112,343
132,329
153,320
170,325
186,319
208,325
231,336
211,355
190,364
172,366
154,365
133,359
122,342
154,337
171,338
187,335
222,337
188,340
171,343
154,342
6,169
12,217
18,261
28,305
43,346
68,381
100,409
252,403
284,372
307,334
319,290
325,243
329,194
329,145
20,159
40,129
73,118
107,120
139,134
180,127
212,108
247,100
281,107
305,134
163,160
165,194
166,227
168,262
132,282
151,290
170,295
188,288
205,278
63,170
81,158
103,155
124,168
104,176
82,179
204,159
225,143
246,142
267,150
249,163
226,164
112,345
132,330
153,322
170,327
186,320
208,326
231,337
210,357
190,365
172,367
154,367
133,360
122,345
154,338
171,340
188,337
221,338
188,341
171,344
154,343
5,166
12,215
18,261
28,307
44,348
70,383
102,411
250,406
283,375
307,335
320,290
326,241
329,190
329,140
23,155
42,127
74,117
108,119
140,132
181,128
213,110
247,103
281,108
306,135
162,160
164,194
166,228
168,263
133,282
151,289
170,295
188,288
205,278
65,170
83,161
103,158
124,168
104,175
83,178
206,161
226,148
247,149
267,155
248,166
227,166
113,344
133,331
154,322
171,327
187,321
208,327
231,338
210,357
190,365
173,367
155,366
134,360
123,344
155,339
172,340
188,338
221,339
188,341
172,344
155,342
4,166
10,215
18,261
29,306
45,347
71,383
105,410
218,424
253,400
286,370
309,331
320,287
327,240
330,191
330,142
20,158
41,130
72,120
105,122
137,133
184,127
215,110
248,102
281,106
305,129
163,161
165,196
167,229
168,263
133,284
151,291
170,295
189,288
205,279
63,172
81,160
102,156
123,169
103,177
81,180
207,160
226,142
248,140
269,148
251,162
229,164
113,344
133,331
154,322
170,327
186,321
207,328
230,337
209,359
189,368
172,370
154,369
133,362
123,344
155,339
171,341
187,338
220,339
187,342
171,345
154,344
4,166
10,217
18,264
29,309
45,352
72,387
106,413
252,405
284,377
307,338
320,295
326,248
329,198
331,147
20,159
40,130
73,120
107,123
138,138
184,131
215,112
249,105
282,110
306,137
163,164
165,198
166,230
168,265
133,285
151,291
170,297
189,289
205,281
63,178
82,171
100,168
121,174
102,180
82,184
208,166
229,157
248,157
268,161
250,170
230,170
114,346
134,332
155,323
171,329
187,322
209,329
232,339
211,359
192,368
174,370
156,369
136,363
124,346
155,340
172,341
189,338
222,340
190,344
173,346
156,345
7,161
12,210
20,255
30,301
45,344
71,379
104,405
220,423
255,397
289,367
312,327
324,282
330,233
333,183
333,132
23,144
46,123
77,117
110,120
140,131
188,123
218,106
251,95
284,96
309,115
166,159
167,194
169,228
170,263
136,284
154,291
173,295
191,288
207,278
60,164
80,149
103,148
126,166
104,174
79,177
209,155
230,131
254,128
276,137
258,155
234,159
114,344
134,330
155,321
172,327
188,320
209,326
231,336
211,356
191,364
174,367
156,366
135,360
124,343
156,339
173,341
189,338
221,338
189,339
173,342
156,341
5,167
11,216
19,262
29,306
44,348
70,383
104,410
252,402
285,372
308,332
320,289
326,242
329,194
331,144
19,159
40,130
73,120
107,122
139,135
183,128
215,110
250,102
283,108
307,134
163,161
165,195
167,228
168,263
134,283
152,290
170,296
189,288
205,279
63,175
81,168
101,163
123,170
103,178
82,182
207,161
228,150
248,150
268,154
250,165
229,166
114,345
134,331
154,323
171,328
187,321
208,327
231,337
211,357
191,366
173,368
155,368
135,362
125,345
155,339
172,340
188,337
221,338
189,342
172,345
155,344
4,173
11,222
19,267
29,312
45,352
71,386
103,413
246,405
278,377
302,338
316,295
323,247
328,197
329,147
16,161
36,130
70,118
105,120
138,134
181,128
213,109
249,102
283,109
307,138
161,160
163,194
165,227
167,261
131,283
149,289
169,295
187,287
205,279
59,176
77,168
97,164
118,172
98,178
78,182
206,163
227,152
246,153
267,157
248,166
227,167
110,345
130,331
151,322
169,327
185,320
208,327
232,336
210,357
189,365
171,367
153,366
132,360
120,345
152,339
170,340
187,337
222,338
187,341
170,344
152,343
4,170
11,218
19,263
29,306
44,346
70,381
103,408
251,401
283,373
306,335
319,292
325,245
329,196
329,146
19,157
40,129
73,120
106,122
138,134
183,127
214,109
247,101
279,104
304,128
162,162
164,196
166,228
168,262
133,283
151,289
170,294
188,287
205,278
61,177
79,169
99,166
119,173
100,180
80,184
208,162
227,151
247,150
267,153
250,165
229,166
114,344
133,330
154,321
171,326
186,319
208,326
230,338
211,357
191,365
173,368
155,367
135,360
124,344
155,338
171,340
188,337
221,339
189,341
172,344
155,343
6,171
12,220
20,266
30,311
46,351
72,386
105,413
251,404
283,375
306,337
319,295
325,248
329,199
330,149
18,159
38,130
70,119
105,121
137,134
183,127
215,109
249,102
283,107
307,134
163,162
165,195
166,227
168,261
133,283
151,289
170,294
188,287
205,278
61,177
79,170
99,166
119,172
100,179
80,182
208,164
228,154
248,154
268,157
250,167
229,167
112,345
133,330
153,321
170,326
186,320
208,326
232,337
211,358
190,366
173,368
155,368
134,361
123,344
154,338
171,340
188,337
222,339
188,342
172,344
154,343
7,150
12,200
20,249
29,297
45,340
71,375
104,402
252,397
285,367
311,328
325,282
333,231
18,137
43,117
76,112
110,115
141,128
186,121
217,102
251,91
285,90
314,109
165,152
166,189
167,225
168,262
134,281
152,288
171,293
189,286
206,276
57,152
78,140
102,140
123,159
101,164
77,165
211,148
231,124
255,120
278,129
260,146
235,150
113,342
134,328
155,318
171,325
188,317
209,324
233,333
211,354
191,362
173,365
155,364
134,357
124,342
155,337
172,339
189,335
223,335
189,337
172,340
155,339
2,139
7,192
14,241
25,290
41,334
66,372
98,401
212,423
249,400
285,370
311,330
326,283
334,230
18,126
45,109
78,105
111,110
142,123
190,118
219,98
253,85
287,84
315,103
166,152
167,189
168,226
170,263
133,281
152,289
172,294
190,287
207,276
55,149
77,138
101,138
121,157
99,161
75,161
211,146
232,123
256,119
279,128
260,144
236,147
111,343
133,329
154,320
172,326
188,319
209,325
232,334
211,354
190,363
173,366
154,365
133,358
122,342
155,338
172,340
189,336
222,336
189,339
172,342
154,341
6,152
11,201
18,249
29,296
44,339
71,375
104,402
218,423
253,397
287,367
312,327
325,280
331,230
334,179
334,127
21,139
45,120
77,115
109,117
139,129
189,122
218,104
250,94
282,94
308,111
165,156
167,192
169,228
170,263
135,283
153,290
172,294
191,287
208,278
57,157
78,145
102,144
124,162
101,169
77,170
209,151
230,128
254,125
277,133
259,151
234,155
111,344
133,330
155,320
172,325
188,319
210,325
233,334
212,356
192,365
174,368
156,367
134,359
122,344
156,339
173,341
189,337
223,337
190,338
173,341
156,341
8,165
13,213
20,258
29,303
43,345
69,381
101,408
251,401
284,372
307,333
319,289
325,241
329,192
329,142
23,157
43,129
74,119
107,120
138,133
184,126
215,109
249,101
282,106
306,132
164,161
165,195
166,229
168,264
133,283
151,290
170,296
188,288
205,278
64,172
82,162
103,159
124,169
105,177
83,180
207,160
227,145
249,144
269,151
251,163
229,165
111,344
132,331
153,322
170,327
187,321
209,327
232,337
211,357
190,366
172,368
154,367
133,361
121,345
154,340
171,341
188,339
222,338
188,342
171,344
154,343
7,165
13,214
21,259
30,304
45,346
69,380
101,409
251,402
285,371
310,331
322,286
327,237
330,186
329,135
22,157
41,128
73,119
107,121
138,132
185,125
215,107
248,97
282,101
306,125
164,159
165,195
167,229
169,265
134,283
152,291
171,295
189,288
206,278
63,168
81,154
104,151
126,166
105,175
82,178
206,156
226,135
249,133
270,143
252,158
228,160
113,345
134,331
155,322
172,327
188,321
210,327
233,337
211,357
191,366
173,368
155,367
134,360
124,345
155,340
172,341
189,338
222,339
189,342
172,343
155,343
5,152
12,201
19,248
29,295
44,338
70,374
104,401
220,421
255,395
289,365
313,325
327,280
333,230
336,178
22,140
46,120
77,115
109,118
140,128
189,122
219,106
251,96
284,95
311,113
165,156
167,192
169,227
170,263
135,282
153,289
172,294
190,287
207,277
59,159
79,145
103,145
125,164
103,172
78,173
210,153
230,129
254,125
276,135
258,153
234,157
114,342
135,329
155,320
172,326
188,319
209,325
232,332
212,354
192,362
175,365
157,365
135,358
125,343
156,338
173,339
189,335
221,335
190,338
173,341
156,341
5,166
12,216
20,262
30,307
46,348
73,384
107,411
254,400
286,371
309,331
320,288
326,241
329,192
331,142
19,158
40,129
73,119
108,121
140,134
184,127
215,109
250,101
284,107
308,132
164,160
166,195
168,228
170,262
135,282
153,290
172,295
190,287
206,278
62,174
81,166
101,162
122,170
103,178
81,181
207,160
228,147
248,147
269,152
250,163
229,164
114,344
134,330
155,321
172,326
189,320
211,326
234,336
213,357
192,365
174,368
156,367
135,360
124,344
156,338
173,340
190,337
224,338
190,341
173,344
156,343
8,164
14,212
21,257
31,302
46,343
71,379
103,408
251,405
284,374
308,334
320,290
327,242
330,192
331,141
24,155
44,128
76,119
110,121
141,133
184,128
216,111
250,103
284,108
308,134
165,160
167,194
169,227
171,262
135,282
153,290
172,295
191,288
208,279
65,173
83,166
103,162
125,169
105,177
84,180
208,161
229,149
249,150
269,154
251,165
230,166
115,344
135,330
156,321
173,327
190,320
212,327
235,337
214,358
193,366
174,368
156,367
136,360
125,344
156,338
174,340
191,337
225,338
191,342
174,344
156,343
6,163
12,211
19,257
29,301
44,342
70,377
103,403
218,423
252,399
285,371
308,333
320,289
327,242
331,193
332,143
25,149
46,125
77,117
110,119
140,131
184,126
215,109
249,101
282,106
306,131
164,159
166,194
167,227
169,262
134,281
152,288
171,294
189,286
206,276
63,166
82,156
104,154
124,167
104,174
82,177
207,159
227,144
249,143
269,150
251,163
229,164
113,343
134,328
155,320
172,325
188,318
210,325
234,335
212,355
192,364
174,366
156,365
135,359
124,343
155,337
172,338
189,336
224,337
190,339
173,342
156,341
8,172
15,221
23,266
33,310
49,350
75,384
107,411
250,405
283,378
307,340
320,298
327,251
332,202
334,151
19,160
40,130
73,120
108,122
140,136
185,130
216,111
251,104
286,110
310,137
165,163
167,196
168,228
171,262
135,283
153,289
172,294
190,287
207,279
63,177
82,170
101,166
121,173
102,179
82,182
211,165
231,155
250,155
270,159
252,168
232,169
115,345
134,330
155,321
172,326
189,320
210,326
232,337
212,357
192,366
174,368
156,368
135,361
125,344
156,338
173,340
190,336
223,338
191,342
173,344
156,343
9,170
15,218
22,263
33,308
48,348
74,383
107,410
254,401
287,372
310,333
323,289
329,243
332,193
331,143
23,160
43,131
75,121
109,123
142,135
184,128
216,110
250,102
284,106
308,131
165,162
167,196
169,229
171,263
136,284
155,291
174,296
192,288
208,279
65,175
84,163
105,159
126,171
107,178
85,182
209,161
229,144
251,143
271,150
253,163
231,165
114,346
135,331
156,322
173,327
189,321
211,327
235,338
214,359
193,368
175,370
157,370
136,363
125,345
157,340
174,341
191,338
225,340
191,343
174,345
157,344
7,165
13,214
20,259
29,303
44,344
70,379
103,406
254,401
287,371
310,332
322,288
328,241
331,192
332,142
24,156
44,129
76,120
109,122
141,134
185,128
216,111
250,103
284,107
309,132
165,161
167,196
168,229
170,264
136,283
153,291
172,297
190,289
206,279
66,170
84,159
106,156
127,169
106,176
85,180
208,160
228,144
250,143
270,151
252,164
230,165
114,345
135,331
155,322
172,328
188,321
210,328
233,338
212,359
191,367
174,369
156,368
135,362
125,346
156,340
173,341
189,338
223,339
190,342
173,345
156,344
8,165
15,215
22,261
31,305
46,347
72,382
104,410
255,402
289,371
312,332
323,287
328,239
331,189
332,139
23,160
43,131
75,121
109,122
142,134
185,129
216,111
251,103
285,109
309,135
165,162
167,196
169,230
171,265
136,283
154,291
173,296
191,289
207,279
67,173
85,162
107,158
128,170
107,178
86,181
208,161
227,146
248,145
269,152
251,165
229,166
115,345
135,331
156,323
173,328
189,321
210,327
234,337
213,359
192,367
175,369
157,368
136,362
125,345
157,340
174,341
190,338
224,339
190,343
174,345
157,344
5,165
11,214
19,261
30,305
46,347
73,382
107,408
252,400
284,371
307,332
319,288
326,241
330,191
331,140
22,154
43,128
74,120
107,121
138,134
185,128
215,110
248,101
281,104
305,128
163,161
165,195
167,228
170,262
135,282
153,288
172,294
190,286
206,277
62,176
80,169
99,165
119,172
100,178
81,182
209,162
228,151
248,151
268,154
249,165
229,165
115,344
134,330
155,321
172,326
187,320
209,326
232,337
212,357
191,365
174,368
156,367
136,361
125,344
156,338
173,339
189,336
222,338
189,341
173,344
156,343
5,170
12,218
20,265
30,310
46,349
73,384
107,408
251,401
283,375
308,338
320,295
327,248
332,198
334,147
21,155
42,127
74,118
108,120
139,133
185,127
216,109
250,101
283,106
307,132
164,162
166,195
167,227
169,261
134,281
152,287
171,293
190,285
207,277
63,176
82,169
101,166
120,173
101,179
82,182
210,164
230,154
249,153
269,157
251,166
231,167
116,343
135,329
155,320
172,325
189,319
211,326
234,337
213,357
192,365
174,368
156,367
136,360
126,343
156,337
173,338
190,336
225,338
190,341
173,344
156,342
5,169
11,218
19,264
29,308
45,347
71,382
104,407
248,401
280,374
304,338
317,295
325,248
329,199
332,148
20,155
41,125
73,115
107,117
139,130
183,124
215,106
249,99
283,105
307,133
162,158
164,192
166,224
167,259
133,280
151,286
170,291
188,284
205,275
62,172
80,164
99,161
119,169
100,175
80,178
209,161
229,149
249,149
268,154
250,164
230,164
114,341
134,327
154,319
170,324
186,317
208,324
232,335
211,353
190,362
172,364
155,363
135,357
124,341
155,335
171,336
187,333
222,335
188,339
172,341
155,340
4,169
10,218
19,264
30,309
46,349
73,384
106,411
252,402
284,372
307,332
319,288
326,241
329,192
329,142
19,155
40,127
73,118
107,121
138,134
182,127
213,109
246,101
279,105
303,130
162,160
165,195
167,228
169,263
134,282
152,289
171,294
189,286
206,278
62,174
79,166
99,163
119,170
100,177
80,181
208,161
227,149
247,149
267,153
249,164
228,165
113,343
133,329
154,321
171,326
188,320
208,326
231,336
211,356
191,364
173,366
154,365
134,358
123,343
154,337
172,339
189,336
222,337
189,340
172,343
154,341
5,171
11,220
19,266
29,310
45,349
72,384
104,411
246,406
278,378
303,339
317,296
324,249
329,199
330,150
18,159
38,128
72,117
107,120
140,133
181,127
213,109
248,102
283,108
307,136
162,161
164,194
165,226
167,259
130,281
149,287
169,293
188,286
205,278
61,176
80,168
99,165
119,172
100,178
80,181
207,165
228,154
247,154
267,158
249,167
229,168
109,343
131,328
152,320
169,324
186,318
208,325
233,335
211,356
190,364
171,367
153,366
132,360
120,342
153,337
170,338
187,335
223,337
188,340
171,343
153,342
2,171
9,220
17,265
28,309
44,349
71,383
104,409
246,405
278,377
303,340
316,298
323,252
329,202
331,151
18,158
38,128
71,117
105,120
137,133
182,126
214,108
248,101
282,108
306,136
162,161
164,194
165,226
167,261
132,281
150,288
168,293
187,286
203,277
61,176
79,169
98,165
118,172
99,179
80,182
208,164
228,154
246,154
265,158
248,168
228,168
113,343
132,329
153,321
169,326
185,320
207,326
230,337
209,357
188,365
171,367
154,366
133,359
123,342
153,338
170,339
186,336
220,337
187,341
170,344
153,342
3,167
9,217
17,263
27,307
44,347
70,382
104,408
248,401
281,374
305,336
318,293
324,246
328,197
330,146
17,158
38,128
71,119
106,121
139,134
181,128
213,110
248,103
282,108
306,137
162,162
164,196
166,228
168,263
132,283
150,289
170,294
188,287
205,278
62,176
79,169
98,166
118,172
100,179
80,182
207,164
227,154
246,155
266,158
248,168
228,169
113,342
133,329
154,321
170,326
186,320
208,326
230,336
210,356
190,364
172,366
155,366
134,359
123,342
155,337
171,338
188,335
220,337
188,341
171,343
154,342
3,167
10,216
18,263
29,307
45,347
71,382
103,409
248,403
279,374
303,337
316,294
323,247
328,198
329,147
18,156
39,127
71,117
106,119
138,131
184,126
216,109
250,102
283,107
307,134
164,160
166,193
168,226
170,259
134,280
152,287
171,292
189,285
205,276
61,174
79,166
99,163
119,171
100,177
80,181
208,162
228,151
248,151
268,156
250,166
229,167
110,342
132,328
153,320
171,324
187,318
209,324
232,335
211,356
191,364
173,367
154,366
133,359
120,342
154,337
171,338
188,335
222,336
189,340
172,343
154,341
4,161
10,210
17,257
27,303
43,345
70,381
103,409
251,402
283,372
307,333
320,289
325,241
329,191
329,140
20,153
41,125
73,117
106,120
137,133
181,128
212,110
246,101
279,104
304,129
162,161
164,195
165,228
167,262
131,281
149,288
169,295
187,287
204,277
61,174
79,168
98,165
118,171
99,178
79,181
206,162
226,153
246,152
266,155
248,166
227,167
111,344
131,330
152,321
169,327
185,320
207,326
230,336
210,356
190,365
172,368
154,367
133,360
121,343
153,338
170,339
187,336
220,337
188,341
171,343
153,342
5,171
12,219
20,266
30,310
46,349
73,383
104,409
248,404
280,377
304,340
319,298
326,251
331,201
20,156
41,127
74,118
108,120
139,132
182,126
214,108
249,101
283,107
307,134
164,162
165,195
167,227
168,261
133,281
151,288
170,293
189,286
206,277
62,176
81,169
100,166
120,173
101,180
81,183
209,165
229,154
249,154
268,158
251,168
230,169
114,343
134,328
154,319
171,325
187,318
209,325
232,336
211,358
191,366
173,368
155,367
135,360
124,343
155,337
172,339
188,336
222,337
189,341
172,343
155,342
5,165
10,214
17,261
28,305
44,346
71,380
105,407
250,402
283,373
307,334
320,291
327,243
331,193
331,144
20,155
41,126
74,117
108,120
139,134
182,128
213,109
247,102
281,107
305,133
163,162
165,195
167,227
169,261
133,281
151,288
171,293
189,286
206,278
62,174
80,168
99,165
119,172
100,178
80,180
208,163
228,153
248,154
267,158
249,167
229,168
112,343
133,329
154,320
171,325
187,319
208,326
232,335
211,355
191,364
173,366
155,365
134,358
123,342
155,337
171,338
188,336
223,337
189,339
172,342
155,341
3,162
9,212
17,260
27,304
44,346
71,380
104,405
249,402
281,374
305,337
319,294
325,247
329,197
331,145
20,156
40,126
72,118
106,121
138,134
182,127
214,109
248,101
282,106
307,134
162,162
164,196
166,228
168,262
133,281
151,288
170,293
188,286
205,277
61,176
79,170
98,166
118,173
100,179
80,183
209,164
229,154
248,154
268,156
250,167
230,168
115,344
135,329
155,320
171,326
187,319
209,326
231,336
210,356
190,365
172,367
155,366
135,359
125,343
155,337
172,339
188,336
222,337
188,340
171,343
155,342
4,165
10,213
18,259
28,304
44,345
70,380
103,407
250,402
282,373
306,335
319,292
325,245
329,196
331,145
21,153
41,125
73,117
107,119
138,132
183,126
214,109
248,101
282,105
306,132
163,161
165,194
167,226
168,260
133,280
151,287
170,293
188,285
205,276
62,174
80,167
99,164
119,171
100,178
80,181
209,163
229,153
248,153
268,157
250,167
230,168
112,342
133,328
154,320
170,325
187,318
208,325
231,335
210,356
190,364
172,367
154,366
133,359
122,342
154,337
171,338
188,335
221,337
188,339
171,342
154,341
7,165
12,213
19,258
29,302
44,343
70,378
101,404
252,397
284,368
307,330
319,287
326,241
329,191
329,142
20,155
41,127
74,117
108,119
140,131
183,124
215,107
250,99
283,106
307,131
163,158
165,192
166,225
168,260
133,280
151,288
170,293
188,286
205,276
62,167
80,154
103,151
125,166
104,174
81,177
206,158
226,139
249,138
270,148
252,161
228,163
112,342
133,328
154,319
171,325
187,318
209,324
232,334
211,355
190,363
172,365
154,364
134,358
123,342
155,337
171,339
188,336
222,336
189,339
172,341
155,340
5,164
11,212
18,256
28,301
43,342
69,377
101,403
252,399
286,370
309,332
322,288
329,240
332,190
21,150
42,124
74,116
108,118
139,129
184,124
216,105
250,97
284,101
309,126
164,156
165,192
167,226
168,261
134,281
152,288
171,293
189,285
206,276
60,164
79,150
102,148
123,164
102,173
79,175
209,155
229,134
252,132
273,142
256,157
232,160
112,342
132,328
154,319
171,325
187,318
209,325
233,334
212,355
190,363
173,365
155,365
133,358
122,342
155,336
172,337
188,335
224,336
188,339
172,341
155,340
7,163
13,212
21,257
29,301
44,342
69,377
102,403
254,397
287,368
310,328
321,284
327,237
331,188
332,138
24,150
44,123
75,115
108,117
139,130
183,124
215,107
249,99
283,106
306,132
162,159
164,194
165,228
167,264
133,281
150,289
169,294
188,287
204,277
63,166
82,154
104,151
124,166
104,173
82,176
206,158
226,141
248,140
269,149
251,162
228,164
113,342
133,328
154,321
171,326
187,320
209,326
232,337
211,356
191,364
173,366
154,365
134,358
124,342
154,338
171,339
188,336
223,338
189,340
171,342
154,341
5,165
11,213
19,259
29,304
44,344
71,379
104,406
251,401
283,372
307,333
319,290
325,243
329,194
330,144
19,156
40,127
72,118
107,120
138,133
184,126
216,108
250,99
284,105
308,132
163,159
165,193
167,226
169,261
133,280
152,287
171,293
190,285
206,276
63,176
81,169
99,165
120,170
101,177
82,181
209,161
229,152
248,152
268,155
250,165
230,166
112,341
134,328
155,320
171,326
188,319
210,325
234,334
213,355
192,363
174,366
156,365
135,358
123,341
156,336
172,338
189,335
224,335
190,339
173,342
156,341
11,165
15,212
21,256
30,301
45,342
71,376
103,404
254,397
287,367
311,329
325,285
331,237
334,189
334,139
23,150
44,125
76,117
110,119
142,131
188,123
219,106
253,96
287,99
312,121
166,156
168,193
170,227
171,263
134,281
153,289
174,295
193,286
211,276
61,164
81,150
105,148
128,165
105,172
81,175
210,154
231,132
256,129
278,139
259,155
234,158
109,339
133,328
156,321
174,326
191,319
215,325
243,332
218,353
195,362
176,365
156,364
134,356
121,340
157,339
174,340
192,337
232,334
193,338
175,340
157,339
